node_id,0,1,2,3,4,5,6,7,8,9,10,11,12,13,14,15,16,17,18,19,20,21,22,23,24,25,26,27,28,29,30,31,32,33,34,35,36,37,38,39,40,41,42,43,44,45,46,47,48,49,50,51,52,53,54,55,56,57,58,59,60,61,62,63,64,65,66,67,68,69,70,71,72,73,74,75,76,77,78,79,80,81,82,83,84,85,86,87,88,89,90,91,92,93,94,95,96,97,98,99
0,0.000000,99.461238,196.822086,238.876730,322.326852,411.601726,487.504077,534.308961,620.674592,716.013746,85.925625,135.883980,199.793311,251.903047,317.492342,407.832518,501.058189,547.791532,642.615828,699.287484,161.905618,202.134935,223.181350,306.729075,363.312498,425.425593,503.323794,567.110287,670.179897,736.119888,233.061092,237.288275,314.719755,328.227598,412.460848,485.941171,557.758799,597.534659,686.917380,768.021174,302.606797,305.798022,371.424293,415.123137,488.583906,506.863730,569.275821,666.674239,729.900303,776.857998,364.404006,402.884482,399.486280,465.239854,513.389771,595.126732,644.659670,691.734729,755.670568,808.243564,436.079959,469.526939,485.226810,507.791864,584.436962,616.449968,691.215906,759.727676,795.474055,869.459942,527.144475,515.956747,577.704805,588.420080,642.356749,659.193272,732.193564,791.256212,822.101949,911.775699,569.557904,630.730506,621.179172,646.812525,684.305098,734.588259,787.799577,842.824874,919.829831,959.180997,687.046739,683.102678,731.692214,747.349655,762.381119,827.259830,869.899288,902.778060,949.141896,992.232866
1,99.461238,0.000000,108.286650,146.949251,226.505861,317.225629,391.276178,440.552465,524.893417,621.681569,114.530452,110.814851,122.246903,174.192127,238.074696,318.414369,413.183081,457.346006,551.011762,609.456188,205.814482,181.880791,174.292952,243.984796,293.046175,350.813714,422.828142,483.686779,585.495855,650.263170,263.680702,234.994935,288.957897,279.543812,356.795497,418.144448,484.417863,521.933004,606.232774,688.864773,322.704433,304.204952,351.474056,383.633830,440.650715,449.086421,506.843821,598.389038,656.754445,700.481406,384.258066,404.767774,391.111183,435.597226,478.069845,546.684276,591.727183,627.694521,691.267253,740.437941,455.756444,473.335983,481.237017,488.374897,553.269306,574.409970,642.198184,706.429082,737.696266,803.631607,546.888547,527.682042,575.388747,571.059912,615.096945,625.093086,692.476588,739.844424,767.219563,855.436982,592.470123,641.024616,617.245868,638.292288,660.930683,704.918169,751.136246,800.445581,870.655834,907.326087,709.109692,696.931980,731.281377,739.495594,747.560371,800.902796,835.443190,862.463228,905.045419,943.602163
2,196.822086,108.286650,0.000000,42.851559,128.747191,215.455223,292.741599,337.653072,425.018732,519.416135,165.562669,113.389973,31.878497,70.587041,131.001847,211.608079,305.797390,351.340349,445.908237,503.168096,236.098609,150.904160,108.745865,149.315296,189.943954,244.512084,314.668630,375.435564,477.424742,542.451127,269.342422,210.330151,229.197070,196.132192,262.665136,314.457834,377.830288,414.548478,497.969734,580.684997,309.136910,269.146878,291.962544,310.310040,350.310365,351.160161,405.246929,493.300612,549.777904,592.683714,364.719591,364.385043,340.829719,361.607571,397.408237,453.874072,495.207067,524.418907,587.545247,635.108734,431.384987,431.126246,430.596988,422.106985,474.321017,486.039779,547.824870,608.725692,637.173834,698.948852,518.500680,491.454020,523.041806,504.208987,538.281074,542.296745,604.334665,643.108539,668.206331,755.214725,565.957274,599.712361,562.142886,578.220003,586.696638,624.628687,664.720102,709.380084,774.609703,809.476532,678.630720,657.980199,677.214788,678.120578,679.603267,722.231208,749.969921,772.442597,812.144376,847.574422
3,238.876730,146.949251,42.851559,0.000000,86.080282,172.862307,249.906858,295.438236,382.324690,477.138359,207.484021,152.054818,58.271745,59.329950,103.007217,171.484617,266.378842,310.516278,404.574843,462.582836,273.877668,177.670994,125.669281,139.054680,167.229055,215.313970,279.836640,338.356394,439.333636,503.668043,301.031895,235.284645,238.432681,192.542598,247.685281,288.455101,346.947778,381.882144,461.927650,545.176516,334.275999,287.827253,298.924612,309.106356,336.706992,331.048195,380.879214,464.255409,517.595049,558.578956,386.665168,378.364477,350.965032,358.875594,389.928149,437.094763,475.055966,497.515320,559.904818,605.333161,450.509136,443.170280,438.899185,422.743415,466.972776,472.314592,529.129025,586.962393,612.740715,669.882844,535.065408,505.208941,529.410044,503.515880,531.630566,531.900493,589.951011,622.032928,645.072392,730.740525,582.793374,610.311656,566.836789,580.349577,581.181981,615.258387,651.202830,692.442789,753.678100,786.973824,693.113843,669.155566,681.551945,678.897642,676.965683,713.333102,736.713034,756.029184,793.535430,826.478493
4,322.326852,226.505861,128.747191,86.080282,0.000000,91.427029,165.179303,214.654701,298.540862,395.261326,293.404439,236.181772,140.815551,113.273617,101.540439,105.395193,197.993715,235.642601,326.775325,387.107039,356.198551,250.355885,191.968325,164.948350,160.569193,184.144640,226.770411,276.083581,372.139335,433.728285,376.173459,303.557336,284.575054,221.630626,248.626460,260.109841,302.771035,331.674136,400.580684,484.406905,400.215180,345.779079,338.107945,333.410321,334.873316,314.883711,352.439242,421.857146,466.147115,501.517715,446.972376,426.379393,393.437857,378.078783,398.647942,424.595979,453.960528,459.869602,519.442375,559.006806,505.359365,486.488297,475.847273,446.200226,473.682914,465.570371,510.213516,560.098641,579.301997,624.677983,584.531906,550.342330,561.138616,522.527351,538.342522,530.911989,579.487312,596.262429,614.280851,695.969130,632.160730,648.528364,594.895533,603.399822,589.313121,615.005561,641.732361,675.075475,726.822234,756.279746,737.379388,707.773762,707.486735,698.081633,689.510932,712.828767,726.827725,739.161633,771.524375,798.670588
5,411.601726,317.225629,215.455223,172.862307,91.427029,0.000000,79.403000,123.370428,209.627236,304.590990,375.856234,314.727589,220.979318,179.979453,133.897702,47.653124,114.693444,145.695090,235.434466,296.207550,429.301859,314.047555,253.823178,197.133763,162.331013,150.819086,159.134578,195.433412,285.585027,345.065568,438.306889,359.831856,318.979239,246.110835,240.596668,218.068000,239.529805,260.788598,317.990234,401.326505,450.249727,388.783664,361.591750,341.640524,315.313840,281.365344,303.214695,355.705684,390.770411,421.071746,488.999558,455.108844,417.466862,378.086684,386.407301,388.710475,408.072427,397.311070,452.987950,486.738668,539.468938,507.985985,490.642396,447.478692,456.061923,434.110415,464.866633,505.751117,518.354473,552.633616,610.611184,572.180315,567.738066,516.384926,518.670275,503.385002,541.017083,542.310477,555.271352,632.298661,657.240479,660.497219,596.668903,599.530397,569.840759,586.228222,603.043365,628.016314,670.052003,695.687889,754.892419,719.215934,704.795641,688.220675,672.711296,682.070713,686.408053,691.732889,718.814732,740.318686
6,487.504077,391.276178,292.741599,249.906858,165.179303,79.403000,0.000000,61.869592,133.714966,232.357271,454.737729,394.017821,299.915646,259.336830,210.382572,109.317659,104.617552,102.725119,173.847527,237.309670,508.584038,392.510442,332.371868,270.458566,227.048923,196.760669,167.744523,175.085328,243.790634,294.903934,515.983844,436.584203,389.535177,314.929167,293.820996,247.698523,243.421329,251.863324,284.485442,364.093008,524.638265,461.373214,426.717111,399.596840,356.543974,313.391856,318.854873,348.189746,368.083575,388.604484,560.273932,521.087471,481.790984,430.158891,430.122630,413.350065,422.351932,392.924721,441.736694,466.399162,607.005714,569.727571,549.011794,498.609138,493.843667,461.184200,477.942380,508.127571,512.651699,531.373847,673.667628,633.372695,620.178979,561.236438,553.451450,532.059073,559.057250,544.345356,551.184279,621.212901,719.407420,715.207625,645.643456,644.657611,603.835444,612.220155,619.739428,635.985779,666.793031,687.591619,812.155779,773.096661,749.523567,727.963411,707.338805,704.914372,700.220309,698.428815,719.529473,734.386199
7,534.308961,440.552465,337.653072,295.438236,214.654701,123.370428,61.869592,0.000000,92.470632,181.772323,494.570364,431.602964,340.382812,294.818783,237.684349,133.087233,75.444867,46.263212,114.065220,176.865891,540.650091,420.835228,361.832785,289.817157,237.487304,192.147815,137.699178,124.372901,182.549777,233.094122,540.444688,459.230958,401.477669,326.290902,288.826477,225.293819,202.977203,203.282337,224.723786,303.062764,541.193135,475.371993,430.608412,395.876609,338.368731,289.349855,282.752333,297.692013,310.855427,328.417409,571.002803,524.631454,483.771944,419.820354,412.154100,380.847459,382.750600,343.236862,388.261486,409.245462,611.745531,567.483168,543.205169,486.130816,469.751600,429.499727,436.724596,460.502199,461.024199,473.602309,672.041788,629.859056,607.471255,542.143708,526.167705,500.480800,519.969286,496.217993,500.015690,566.661025,716.375242,703.971975,629.382918,624.927338,575.390872,577.881095,579.262513,590.322254,615.347813,633.972347,802.987124,760.628112,728.625744,703.007832,678.495556,667.732027,657.458539,651.714323,669.699691,681.498995
8,620.674592,524.893417,425.018732,382.324690,298.540862,209.627236,133.714966,92.470632,0.000000,100.860107,584.675005,522.403708,429.963231,385.910595,329.961958,225.164810,159.091003,109.042415,77.924645,132.312800,632.779255,513.243538,454.114519,382.063687,328.604675,279.246499,211.823448,171.659028,175.295217,200.786684,632.846161,551.547638,491.947305,416.978776,373.434507,299.808888,258.175752,243.673461,224.815715,287.633849,632.454763,566.149370,517.994183,479.667252,412.752609,359.729509,339.186489,326.503747,317.563134,318.693849,660.506671,611.313998,569.912855,499.004596,485.253938,438.662829,429.996027,371.845463,404.856485,412.240529,698.632313,650.780737,624.374589,562.889996,535.819187,487.209903,479.710572,490.149590,480.772809,472.218085,755.202140,712.020228,682.940704,612.412006,587.729461,556.973021,564.862367,523.903500,520.094237,575.517405,798.458501,780.045102,701.539387,693.748590,634.876061,629.319966,620.807214,621.731066,632.646546,644.754217,880.265928,835.358233,795.430881,765.461813,736.373449,713.694522,693.766358,680.011634,690.476432,693.868510
9,716.013746,621.681569,519.416135,477.138359,395.261326,304.590990,232.357271,181.772323,100.860107,0.000000,675.436764,611.860101,521.764545,475.051485,415.208874,312.583637,230.489467,177.375107,87.078370,81.195470,717.455286,596.004284,538.459785,460.651434,402.916964,345.900567,266.201487,207.109409,153.646412,142.243406,711.102427,629.209228,561.361679,488.178590,431.959291,346.680750,286.120043,257.666886,198.665351,235.046398,703.428619,635.795602,578.868744,533.875650,453.700193,397.545055,360.924789,317.917470,285.707906,269.172513,725.212500,669.316608,627.254407,544.727327,521.902482,456.443023,435.318359,359.355337,377.044287,369.582798,756.187089,701.216539,671.172513,603.258531,561.037320,502.918276,477.752121,472.479563,452.606003,422.350215,804.217525,759.536485,719.159747,641.824255,605.491292,568.901499,562.214007,502.778964,490.782887,532.692954,844.959392,816.015175,732.264297,719.582728,648.801742,633.008611,612.672858,601.888086,597.167675,602.240674,917.296898,868.527524,816.873938,781.136571,746.292360,708.893100,677.913170,655.386460,657.466782,652.005995
10,85.925625,114.530452,165.562669,207.484021,293.404439,375.856234,454.737729,494.570364,584.675005,675.436764,0.000000,65.270692,154.876933,200.617223,263.450975,362.941605,451.661270,501.589091,597.208798,650.314877,91.853458,119.424660,151.981651,238.948332,298.893493,362.891910,444.851402,510.901405,614.312524,681.158496,155.648157,151.370930,230.547284,251.480776,337.257022,416.847345,491.863998,533.082178,626.413934,705.388454,221.642319,220.133983,285.946497,331.193372,408.885315,431.400657,495.720450,595.968935,662.291957,711.620831,283.936319,318.042642,313.633271,380.670958,429.716236,514.836963,565.841650,618.175941,681.964055,736.379520,356.023300,385.264041,399.852437,421.984672,499.717232,534.001067,610.668851,680.539458,718.104434,796.096474,447.534201,433.712149,492.713350,502.503788,557.000251,574.792998,648.786721,711.223034,743.350325,833.382057,491.323794,548.430349,536.043439,561.228398,598.573027,649.391278,703.628867,759.832608,838.673609,878.880368,608.800350,601.947443,647.228349,661.910378,676.503013,741.647814,785.224037,819.190831,866.412954,910.763130
11,135.883980,110.814851,113.389973,152.054818,236.181772,314.727589,394.017821,431.602964,522.403708,611.860101,65.270692,0.000000,95.388235,136.846299,198.568193,299.286277,386.912663,437.236086,532.837346,585.410563,122.722965,72.776209,88.528944,174.702535,234.067972,297.897359,379.606850,445.630963,549.042002,615.889674,162.854680,124.224445,184.431175,192.361399,276.950219,353.463268,427.626319,468.567306,561.375917,640.654358,214.855954,193.428748,245.024543,283.186084,352.869976,371.374307,434.501692,533.404754,598.653907,647.385460,275.445046,294.007649,281.538064,334.391858,380.534190,459.496323,508.782727,557.044022,620.949894,674.420797,346.340463,362.567491,371.228052,382.584587,453.444195,481.948400,555.614778,623.862676,659.688858,734.934308,437.086766,416.999250,465.341824,464.817100,513.331237,527.241546,598.517951,655.497137,686.218073,775.901155,483.103612,530.219770,507.536609,529.576360,557.410954,604.659044,655.182269,708.586291,784.360907,823.447965,599.296745,586.230872,621.186784,630.810062,640.876326,699.098642,738.208613,769.161318,814.597289,856.875556
12,199.793311,122.246903,31.878497,58.271745,140.815551,220.979318,299.915646,340.382812,429.963231,521.764545,154.876933,95.388235,0.000000,52.814945,118.222120,210.149900,301.900929,349.930804,445.330680,500.589107,216.074734,121.701665,76.888417,123.976898,170.799569,229.325630,304.263013,367.417098,470.404426,536.332620,243.308225,180.601129,197.418235,167.138576,237.750976,295.898210,362.881523,401.129554,488.029741,569.841240,279.675691,237.854845,260.296227,279.986362,324.149812,328.400718,384.932405,476.206630,535.372008,580.177815,334.274758,332.610326,308.959736,331.534196,368.656200,428.855153,471.892925,505.509543,569.045024,618.271305,400.324199,399.271821,398.768197,391.183331,445.363417,459.491244,523.570556,586.109244,616.224702,681.390364,487.050236,459.700437,491.304841,473.462499,509.010394,514.289062,577.861325,620.019606,646.344914,734.113908,534.560348,567.837832,530.541546,546.931793,557.040152,596.145987,637.791790,683.964902,751.260076,787.033524,646.973484,626.119300,645.619217,647.001635,649.150730,693.499496,722.846334,746.707144,787.472618,824.247182
13,251.903047,174.192127,70.587041,59.329950,113.273617,179.979453,259.336830,294.818783,385.910595,475.051485,200.617223,136.846299,52.814945,0.000000,65.609559,162.467926,251.686325,301.039774,396.651435,450.539635,249.380473,137.668146,78.703116,81.167071,119.723082,176.726391,251.621249,315.244741,418.425568,484.604089,263.553537,190.328676,181.213473,133.306676,193.047072,244.645406,310.331453,348.367456,435.363228,517.064288,287.515340,235.684313,240.547919,249.814918,281.395151,280.622659,334.883204,424.360054,482.770924,527.375627,336.215469,322.430736,293.429212,299.760959,331.923916,383.997533,424.717079,454.565263,517.888805,566.364678,397.409036,386.101990,380.551591,363.415676,409.007034,417.239435,477.563869,538.145835,566.719751,629.795044,480.006886,448.747481,470.526951,444.260840,473.497158,475.159165,535.351409,572.565433,597.636314,684.743882,527.779712,552.430993,507.687394,521.025262,522.761097,558.133739,596.121390,639.586780,704.091468,738.889544,636.683851,611.411425,622.335613,619.586212,617.984303,656.067264,681.519673,702.821304,741.971769,777.048531
14,317.492342,238.074696,131.001847,103.007217,101.540439,133.897702,210.382572,237.684349,329.961958,415.208874,263.450975,198.568193,118.222120,65.609559,0.000000,104.888008,188.369568,239.201921,334.669581,386.871649,303.026024,183.496771,124.155539,66.283812,65.825016,113.618700,186.047828,249.743088,353.014190,419.345718,305.697194,226.276167,189.109831,121.348758,151.682740,185.524072,246.828623,283.862120,369.810104,451.682036,316.538679,256.213519,238.671221,231.872586,240.242694,229.322419,277.873186,362.691614,418.864877,462.505796,357.120734,329.263390,294.484812,276.995516,300.062138,336.918318,372.889941,394.947327,457.642895,504.320022,411.011652,387.173787,375.061417,344.815321,376.132070,374.404041,427.518795,484.193970,509.747198,568.404848,486.947990,451.305106,459.657925,421.818349,441.012230,436.884181,490.965977,519.410183,542.091801,627.758800,534.334182,547.608137,493.373930,502.233435,491.608558,520.858700,552.726339,591.503703,651.030829,684.033258,637.576640,606.843400,606.120518,597.598170,590.593328,619.010367,638.235175,655.309846,691.658536,723.768458
15,407.832518,318.414369,211.608079,171.484617,105.395193,47.653124,109.317659,133.087233,225.164810,312.583637,362.941605,299.286277,210.149900,162.467926,104.888008,0.000000,95.158198,139.997490,235.210818,291.573509,407.627361,288.362162,228.992182,161.562073,118.933366,103.242591,122.816450,171.023914,269.178610,332.601216,409.660192,329.268296,280.271396,205.861110,193.662060,172.212178,201.333925,227.438495,295.607948,379.431958,415.668449,352.083932,319.106783,296.129492,267.672780,234.567175,259.794592,319.692358,361.136570,396.145247,450.993203,413.226128,374.641418,331.276940,338.791846,342.642125,364.177320,359.524874,417.399360,454.862887,498.606827,464.084839,445.502030,400.605542,408.454474,387.512812,420.994742,464.763545,480.095679,520.674388,567.365765,528.118510,521.202932,468.882831,471.170833,456.449183,495.753670,501.255904,516.222452,595.519308,613.637627,614.505274,549.605261,552.080885,522.361884,539.528119,557.919794,584.920509,630.255994,657.526395,709.621091,673.069948,657.350765,640.571690,625.161308,635.715891,641.749542,648.825930,677.587368,701.240456
16,501.058189,413.183081,305.797390,266.378842,197.993715,114.693444,104.617552,75.444867,159.091003,230.489467,451.661270,386.912663,301.900929,251.686325,188.369568,95.158198,0.000000,53.357961,147.007521,198.855675,488.038764,366.109594,309.515906,230.180516,172.834643,120.178971,64.510160,80.820308,174.345319,237.446234,480.696160,398.829763,334.148497,259.709222,215.005839,150.328179,138.920772,150.974883,203.684531,287.300526,475.538255,408.582246,358.913888,321.787978,263.090272,215.035247,214.653289,247.502823,276.849961,306.418891,501.758333,452.357528,411.080948,344.528138,336.937320,310.501217,317.778420,291.235706,343.295234,373.673560,539.652936,493.311863,468.347057,410.692529,395.867237,358.773651,373.324899,404.812534,411.903720,439.465253,597.863745,555.318038,532.027083,467.196406,453.481372,429.803713,454.600059,441.186945,449.915917,523.182481,641.843114,628.535023,554.122153,550.148885,503.251669,508.950922,515.164082,531.832606,565.452091,588.240847,727.617471,685.187421,654.145552,629.633813,606.628526,600.876131,595.622835,594.525305,616.993546,634.173342
17,547.791532,457.346006,351.340349,310.516278,235.642601,145.695090,102.725119,46.263212,109.042415,177.375107,501.589091,437.236086,349.930804,301.039774,239.201921,139.997490,53.357961,0.000000,95.619803,152.135251,540.428249,418.751286,361.601277,283.314268,226.191609,172.250052,103.214762,78.465807,143.039124,199.653061,533.991331,452.140055,387.084631,312.854135,264.783864,191.658397,159.848161,157.413597,181.896229,262.443082,528.660055,461.558977,410.131855,370.735064,305.009824,253.321069,240.645576,251.456104,265.853403,286.118759,554.004253,503.004636,461.441565,390.206753,378.113060,339.635910,338.747815,297.035414,342.151276,364.250590,590.337290,541.755635,515.388971,454.671494,432.037944,388.404076,392.082074,414.456472,414.773991,428.973648,646.164327,602.987806,575.207949,506.658843,486.664633,459.163150,475.823259,450.100642,453.755693,520.795022,689.435678,672.182411,595.058415,588.783428,535.206192,535.270794,534.625302,544.503296,569.101247,587.938596,772.093247,727.974047,691.603500,664.094899,637.900191,623.994283,612.177019,605.717619,623.445634,635.369510
18,642.615828,551.011762,445.908237,404.574843,326.775325,235.434466,173.847527,114.065220,77.924645,87.078370,597.208798,532.837346,445.330680,396.651435,334.669581,235.210818,147.007521,95.619803,0.000000,63.658447,635.028887,513.020448,456.506638,376.577321,317.825371,259.522729,179.131386,121.241671,97.739689,127.065664,626.129271,544.222980,474.785285,402.023970,344.886265,260.309795,203.601365,180.223951,147.439750,210.511049,616.899774,549.158971,491.793861,447.116346,368.880555,313.203026,281.562726,254.466889,240.228473,241.049599,638.161374,582.372872,540.329823,459.188684,438.429973,379.492778,364.408015,298.986087,328.523663,334.367663,669.313268,615.117174,585.661470,519.037539,481.513743,427.165527,411.296022,416.483310,404.664751,394.332918,718.455936,674.002674,636.318481,561.014381,529.233209,495.252053,496.559430,449.465007,443.894831,497.778304,759.714005,733.409604,651.209407,640.284922,574.459823,563.916632,550.629853,547.912530,555.698248,567.087688,834.505258,786.879222,739.546571,706.300883,674.187125,645.001596,621.247670,605.136865,613.974178,616.286904
19,699.287484,609.456188,503.168096,462.582836,387.107039,296.207550,237.309670,176.865891,132.312800,81.195470,650.314877,585.410563,500.589107,450.539635,386.871649,291.573509,198.855675,152.135251,63.658447,0.000000,683.033295,560.638241,505.998465,423.129704,362.699275,300.949856,216.455413,150.408676,74.209028,69.348895,669.241319,587.641809,512.888743,442.664104,377.469768,287.039256,218.394191,184.832154,117.505485,160.348326,654.568939,586.498443,523.305308,474.346769,387.696900,331.077680,287.940889,237.474984,205.225895,193.475070,670.948422,610.686783,568.604785,479.918967,452.729343,380.619843,356.400167,278.346160,296.445479,292.156630,696.535072,637.533480,605.672124,535.015715,486.781418,426.072583,397.399998,391.318583,372.272832,347.920933,739.052113,693.807176,648.180025,568.549538,528.605547,490.698241,481.578236,421.810638,410.715813,456.014632,778.227533,744.466227,659.000845,644.640303,570.747097,553.026330,531.578102,520.930277,518.574773,525.646403,845.821509,795.658563,740.248705,703.107894,667.120046,627.913557,596.789499,574.941335,578.429895,575.310466
20,161.905618,205.814482,236.098609,273.877668,356.198551,429.301859,508.584038,540.650091,632.779255,717.455286,91.853458,122.722965,216.074734,249.380473,303.026024,407.627361,488.038764,540.428249,635.028887,683.033295,0.000000,122.400361,179.067373,259.989207,320.915210,384.424345,469.402886,536.838604,638.611035,705.664682,72.851006,112.605859,204.849594,251.765659,335.558023,424.766952,503.287181,545.951968,643.764811,718.241263,144.607337,166.088560,245.853880,300.363225,391.867863,425.200743,492.109458,596.208270,667.311915,720.106545,204.823287,252.784334,258.643495,344.225029,396.882681,493.170387,547.632215,612.096024,674.627353,732.263080,275.644363,315.999989,336.814798,372.707404,459.540744,504.343490,586.531086,659.601893,701.662845,788.204251,366.127969,357.538461,426.051815,448.645133,511.206487,535.426121,613.506290,687.442925,722.951992,813.145239,407.904021,471.951179,469.936585,498.419625,548.132167,603.955804,664.130382,725.275848,810.217491,852.848932,525.326175,522.922416,577.137562,597.227452,617.264775,691.651774,742.288639,781.633046,832.147361,880.781639
21,202.134935,181.880791,150.904160,177.670994,250.355885,314.047555,392.510442,420.835228,513.243538,596.004284,119.424660,72.776209,121.701665,137.668146,183.496771,288.362162,366.109594,418.751286,513.020448,560.638241,122.400361,0.000000,60.235956,137.604842,198.638818,262.399339,347.236105,414.635990,516.714279,583.811596,125.896677,59.621658,112.959700,135.639531,221.640879,306.656499,384.210639,426.529598,523.262018,599.240071,158.234805,124.120419,172.431634,213.043227,289.777618,314.784413,380.319453,482.528535,551.384178,602.761503,214.641362,224.041730,209.276230,263.524275,311.254855,395.500041,446.896031,502.269011,565.775527,621.447485,283.057664,292.525187,299.359346,309.989337,382.756529,414.784039,491.274439,561.404072,599.644345,679.922229,372.201782,349.067686,393.510841,392.113749,441.753323,457.218762,530.108793,591.884459,624.323592,714.439525,419.091069,461.050749,435.404888,456.978514,485.231696,533.501009,585.708991,640.894805,719.253478,759.487966,533.864450,517.884378,549.404162,558.215644,568.112096,627.320662,668.055617,700.666149,747.352396,791.369132
22,223.181350,174.292952,108.745865,125.669281,191.968325,253.823178,332.371868,361.832785,454.114519,538.459785,151.981651,88.528944,76.888417,78.703116,124.155539,228.992182,309.515906,361.601277,456.506638,505.998465,179.067373,60.235956,0.000000,87.130186,147.803965,212.113436,295.564811,362.476389,465.485599,532.563707,185.520834,111.825459,121.563049,106.844709,189.417105,265.077656,339.902296,381.243715,475.423808,553.723494,209.838346,162.434331,184.893098,210.295388,268.693159,283.756649,346.229447,444.877410,510.420685,559.647769,261.022536,255.807026,232.304295,262.314424,303.794574,375.334923,422.968843,468.748343,532.673350,585.919720,325.189851,322.383787,322.367370,318.493251,379.225773,400.926678,471.357753,538.112447,572.677192,646.589311,410.886096,382.919894,415.313613,401.186081,441.544631,450.800949,518.707083,570.439586,600.042636,689.395112,458.499260,490.981849,455.088858,472.631817,488.173722,530.834326,577.006585,627.400043,700.250024,738.382677,570.347111,549.234559,570.136039,573.202167,577.544659,627.154513,661.193060,688.985967,732.625517,773.016445
23,306.729075,243.984796,149.315296,139.054680,164.948350,197.133763,270.458566,289.817157,382.063687,460.651434,238.948332,174.702535,123.976898,81.167071,66.283812,161.562073,230.180516,283.314268,376.577321,423.129704,259.989207,137.604842,87.130186,0.000000,61.307571,125.554901,209.911729,277.216822,379.689295,446.808486,251.080981,169.523516,122.956318,57.034472,113.792840,179.269179,252.964709,294.150272,388.451495,466.594119,254.182547,191.663141,173.233944,172.353637,200.995841,205.101753,264.053531,359.948830,424.048741,472.734518,291.977066,263.049108,228.787435,220.738684,250.953671,304.987530,348.099805,386.000601,449.883253,501.612527,344.799586,321.714723,311.112398,286.320199,328.025589,336.751974,399.593706,462.568871,493.909526,563.300349,420.861665,385.709437,397.820256,365.856374,392.620588,394.019894,455.025993,496.251072,523.235250,611.534811,468.314972,483.832497,433.107258,444.271243,442.127587,476.967058,515.505942,560.302746,627.383172,663.498612,572.486057,543.071479,546.962767,541.650927,538.272658,574.909598,600.821102,623.239038,663.553446,700.367411
24,363.312498,293.046175,189.943954,167.229055,160.569193,162.331013,227.048923,237.487304,328.604675,402.916964,298.893493,234.067972,170.799569,119.723082,65.825016,118.933366,172.834643,226.191609,317.825371,362.699275,320.915210,198.638818,147.803965,61.307571,0.000000,64.336642,148.646982,216.007830,318.383236,385.502477,308.316907,226.406977,164.238706,88.993690,88.063256,125.108001,194.458354,234.715807,327.676985,406.587588,303.856351,237.898361,200.173450,180.317685,175.358998,163.894511,215.315929,305.556724,366.649636,413.870600,334.561696,294.332625,255.746682,220.516038,238.129699,271.101974,307.828193,334.899650,398.321894,447.631273,379.976429,345.704533,328.616636,289.654071,313.168059,308.793567,362.076271,420.005121,447.301059,510.597319,448.631172,409.871840,408.041155,363.450301,377.891377,372.010683,425.165184,454.914551,478.740571,565.357767,495.081551,499.355339,439.180882,445.290880,428.800252,456.078433,486.964370,525.837124,586.561578,620.366034,592.851058,558.308271,550.059506,538.453695,528.976093,554.160902,572.462148,589.598647,626.391155,659.408657
25,425.425593,350.813714,244.512084,215.313970,184.144640,150.819086,196.760669,192.147815,279.246499,345.900567,362.891910,297.897359,229.325630,176.726391,113.618700,103.242591,120.178971,172.250052,259.522729,300.949856,384.424345,262.399339,212.113436,125.554901,64.336642,0.000000,85.120259,152.561181,254.324727,321.432350,368.333430,286.692274,215.516530,142.574130,97.704917,76.133068,133.610933,172.182875,263.527013,343.061640,357.535311,289.994870,238.880308,204.587762,164.593828,133.102189,169.076491,249.150637,306.053931,351.497665,381.770107,332.626179,291.641362,233.405371,236.461881,242.541962,269.817375,282.412833,344.599183,390.702690,419.839744,375.995991,353.298660,302.007262,305.246220,285.948292,326.125202,376.954283,399.107991,454.863678,480.478134,438.916854,423.494198,367.166477,367.944595,354.071018,397.008895,412.889273,432.754647,516.802544,525.326544,518.454953,449.775251,450.558562,419.147100,437.539505,459.317399,490.974752,543.953298,574.943769,615.675499,576.347345,555.777468,537.744781,521.918722,534.329884,543.995094,555.062518,587.627915,616.206884
26,503.323794,422.828142,314.668630,279.836640,226.770411,159.134578,167.744523,137.699178,211.823448,266.201487,444.851402,379.606850,304.263013,251.621249,186.047828,122.816450,64.510160,103.214762,179.131386,216.455413,469.402886,347.236105,295.564811,209.911729,148.646982,85.120259,0.000000,67.454573,169.924432,237.018681,452.911119,371.451554,297.088873,226.209984,165.913687,88.560471,80.509422,104.904364,183.769958,266.037189,439.110928,371.141709,312.761472,269.798038,202.006323,151.688357,151.241169,197.238983,239.847949,278.760939,459.042109,403.995983,362.072714,287.182781,275.401309,246.095792,255.392073,238.214523,294.867397,332.295444,491.163735,439.922430,412.724384,351.462152,332.094148,294.298470,311.521790,347.555857,359.231383,398.037072,544.113718,500.569656,472.100098,404.770639,389.144877,365.319732,391.617081,384.106853,396.163454,473.599274,586.921558,569.025335,492.573123,487.379099,438.807887,444.720772,452.631481,472.176105,511.069628,536.596874,668.881462,624.970340,590.944389,565.576155,542.157894,537.170952,534.018224,535.428700,560.549781,581.194582
27,567.110287,483.686779,375.435564,338.356394,276.083581,195.433412,175.085328,124.372901,171.659028,207.109409,510.901405,445.630963,367.417098,315.244741,249.743088,171.023914,80.820308,78.465807,121.241671,150.408676,536.838604,414.635990,362.476389,277.216822,216.007830,152.561181,67.454573,0.000000,103.445166,170.278869,519.879424,438.574368,362.510060,292.870329,227.574500,139.644923,86.518648,78.952641,124.585678,208.408081,504.160926,436.091479,374.036893,327.172175,247.748824,192.380978,167.599119,173.796394,196.393412,226.036603,521.383407,463.060259,420.949494,337.961733,317.977422,267.123927,261.887816,219.111591,266.663744,293.783963,549.640710,494.132559,464.437263,398.068264,364.749931,315.756064,314.369212,336.132866,337.893713,359.417264,597.300376,552.785799,516.064864,442.576438,416.070563,385.839851,398.577262,371.888381,376.636795,446.257188,638.472559,613.237644,532.346772,523.121660,463.352553,459.886652,456.826638,466.044127,492.175703,512.506312,714.154504,667.355323,624.146551,593.803707,565.166889,547.096520,533.859908,527.343369,545.806413,559.364117
28,670.179897,585.495855,477.424742,439.333636,372.139335,285.585027,243.790634,182.549777,175.295217,153.646412,614.312524,549.042002,470.404426,418.425568,353.014190,269.178610,174.345319,143.039124,97.739689,74.209028,638.611035,516.714279,465.485599,379.689295,318.383236,254.324727,169.924432,103.445166,0.000000,67.119241,618.629227,538.015404,458.188772,391.558971,319.526212,226.428736,151.937144,114.280466,49.738311,120.570651,598.297886,530.379841,462.604771,410.886533,319.930659,263.522001,215.927807,164.373145,142.499036,147.507264,610.302543,547.021479,505.155843,412.396513,382.335323,306.878442,282.260867,206.659220,231.404830,237.186647,631.753049,570.122152,537.138335,464.924147,413.522804,352.008821,324.123153,322.114423,307.642299,298.360285,670.397901,624.891078,576.274529,495.624363,454.503099,416.491786,408.698513,354.070116,346.755376,400.231172,708.531754,672.172935,585.997890,571.005943,496.538566,479.394258,459.999223,452.970103,458.047172,469.460663,773.486728,722.733211,666.157139,628.900201,593.085186,555.801432,527.586248,509.026137,516.540313,518.602644
29,736.119888,650.263170,542.451127,503.668043,433.728285,345.065568,294.903934,233.094122,200.786684,142.243406,681.158496,615.889674,536.332620,484.604089,419.345718,332.601216,237.446234,199.653061,127.065664,69.348895,705.664682,583.811596,532.563707,446.808486,385.502477,321.432350,237.018681,170.278869,67.119241,0.000000,684.993878,604.608714,523.816362,458.089025,384.527085,290.953806,214.138258,173.420378,78.963208,92.883852,663.200825,595.441084,525.877461,472.695331,378.586012,322.950330,269.363525,197.251714,148.737958,126.931148,673.254021,608.217678,566.627459,470.690783,436.943894,352.719300,319.950112,232.258528,239.304085,227.493183,691.874363,627.889449,593.677843,519.531838,460.709379,394.725454,354.180113,338.114007,313.520239,280.538769,726.380273,680.640960,626.802106,543.561814,495.878675,454.684480,435.911414,366.122648,350.926029,390.449844,762.926552,721.372088,633.248141,615.517367,534.456611,510.192619,481.763213,464.785810,455.396434,460.002914,822.309574,769.823654,706.691463,666.073861,626.733796,578.947061,542.052410,516.068812,515.971265,509.765929
30,233.061092,263.680702,269.342422,301.031895,376.173459,438.306889,515.983844,540.444688,632.846161,711.102427,155.648157,162.854680,243.308225,263.553537,305.697194,409.660192,480.696160,533.991331,626.129271,669.241319,72.851006,125.896677,185.520834,251.080981,308.316907,368.333430,452.911119,519.879424,618.629227,684.993878,0.000000,81.910346,164.480441,227.182544,303.731672,396.691064,475.787362,518.672837,618.322704,688.527172,72.020874,106.901652,190.791944,249.020133,346.752353,386.726129,453.860147,558.883916,632.462899,687.174942,132.034454,182.619413,193.397957,287.631524,341.254546,442.734778,498.587288,570.189417,631.172091,690.418193,203.195643,244.027250,266.582521,308.155404,398.613285,448.824306,533.337884,607.641781,652.105594,743.419344,294.093190,284.691715,354.310974,381.146992,446.885489,474.131969,553.736875,633.565229,670.818839,760.540599,336.715099,399.144552,398.214577,427.477502,481.455261,539.194562,601.874188,665.197251,752.962464,796.731043,454.249061,450.436236,504.564953,525.595886,547.067821,624.553442,678.046275,719.784048,771.741804,822.408902
31,237.288275,234.994935,210.330151,235.284645,303.557336,359.831856,436.584203,459.230958,551.547638,629.209228,151.370930,124.224445,180.601129,190.328676,226.276167,329.268296,398.829763,452.140055,544.222980,587.641809,112.605859,59.621658,111.825459,169.523516,226.406977,286.692274,371.451554,438.574368,538.015404,604.608714,81.910346,0.000000,92.267357,146.537998,226.491164,318.143213,397.226434,440.115955,539.257894,611.222643,99.118893,70.099213,137.422018,188.931059,279.279256,313.825325,380.946380,485.521927,557.688627,611.415450,155.088591,170.399783,162.385512,234.977968,286.600334,380.840775,435.094541,500.117793,562.398305,620.385610,224.104815,238.831791,249.884073,271.276286,352.601776,393.511821,474.679354,547.384988,589.113264,675.825724,313.958360,292.797470,343.550648,351.253159,407.689481,428.329705,504.808608,575.664017,610.725619,700.961764,360.522607,406.042613,386.414673,410.493326,448.006323,500.412594,557.390741,616.502782,699.597105,741.681681,475.976614,462.015093,499.009715,511.437618,525.163411,591.376906,637.478892,674.177812,723.408972,770.660800
32,314.719755,288.957897,229.197070,238.432681,284.575054,318.979239,389.535177,401.477669,491.947305,561.361679,230.547284,184.431175,197.418235,181.213473,189.109831,280.271396,334.148497,387.084631,474.785285,512.888743,204.849594,112.959700,121.563049,122.956318,164.238706,215.516530,297.088873,362.510060,458.188772,523.816362,164.480441,92.267357,0.000000,75.247557,140.018854,233.610262,312.441619,355.226802,455.198861,524.219052,142.125132,74.497098,63.436563,100.656686,187.018498,222.867493,290.075897,394.982943,468.131406,522.705421,170.745756,141.999533,112.552672,150.590191,199.219709,289.311968,343.110320,408.272040,470.323741,528.588024,221.912848,204.907607,201.494495,199.417500,269.825230,304.456574,383.859375,455.939112,497.077091,583.635984,300.139510,267.622034,293.910511,282.122572,328.960707,344.476755,418.320255,484.852637,519.237821,609.507808,347.846743,371.972364,333.525822,351.478582,373.090612,420.564147,473.168497,529.542324,610.197008,651.557914,455.521893,430.745599,448.575464,452.306667,458.652357,514.677830,555.207157,588.655936,636.255341,681.794270
33,328.227598,279.543812,196.132192,192.542598,221.630626,246.110835,314.929167,326.290902,416.978776,488.178590,251.480776,192.361399,167.138576,133.306676,121.348758,205.861110,259.709222,312.854135,402.023970,442.664104,251.765659,135.639531,106.844709,57.034472,88.993690,142.574130,226.209984,292.870329,391.558971,458.089025,227.182544,146.537998,75.247557,0.000000,86.090859,173.021914,251.737346,294.521006,393.130115,466.534497,215.829389,149.173000,117.431780,116.617052,161.855951,179.931269,244.834207,346.920347,416.347942,468.519098,245.696879,209.406932,173.379855,166.532819,201.518154,268.490915,316.585504,367.032050,430.702487,485.921400,293.367704,265.867938,254.230031,230.467304,278.281749,294.868309,364.525947,431.719002,467.385873,544.864806,366.313524,330.044606,340.834663,310.973302,342.149403,347.409541,412.994649,463.769089,493.924229,583.548689,413.515256,426.934055,376.409119,388.323403,390.680643,429.021111,472.050623,521.011443,593.423125,631.736739,516.242742,486.178211,490.512817,486.425947,484.856190,526.369555,556.748117,582.921472,625.978898,666.176866
34,412.460848,356.795497,262.665136,247.685281,248.626460,240.596668,293.820996,288.826477,373.434507,431.959291,337.257022,276.950219,237.750976,193.047072,151.682740,193.662060,215.005839,264.783864,344.886265,377.469768,335.558023,221.640879,189.417105,113.792840,88.063256,97.704917,165.913687,227.574500,319.526212,384.527085,303.731672,226.491164,140.018854,86.090859,0.000000,93.726853,172.423663,215.213313,315.185557,384.973222,278.781138,210.926909,146.911769,107.083903,89.112357,94.425220,158.743438,261.229668,331.762273,384.993590,293.847155,238.427752,196.710971,137.627780,150.221400,191.249816,234.968564,280.998302,344.728006,399.838134,325.725183,278.673314,255.603112,206.944569,225.123529,224.639274,285.847195,349.853579,383.302800,458.878620,383.224311,341.332087,327.705259,277.222980,289.884215,285.381347,342.472365,383.054948,411.221357,500.250034,427.790512,421.764271,356.076780,359.836477,340.752153,369.269085,403.549681,446.714997,513.921989,550.646536,518.334786,480.014857,464.981673,451.389072,440.989628,467.439100,489.045720,509.827813,549.765109,586.889368
35,485.941171,418.144448,314.457834,288.455101,260.109841,218.068000,247.698523,225.293819,299.808888,346.680750,416.847345,353.463268,295.898210,244.645406,185.524072,172.212178,150.328179,191.658397,260.309795,287.039256,424.766952,306.656499,265.077656,179.269179,125.108001,76.133068,88.560471,139.644923,226.428736,290.953806,396.691064,318.143213,233.610262,173.021914,93.726853,0.000000,79.124561,122.025787,221.688852,293.518914,372.247150,304.522692,236.653513,187.703141,113.451727,65.695676,93.147050,180.943008,245.486714,296.106705,384.431071,323.866340,281.754694,199.887573,186.977449,170.643102,194.059428,209.966145,273.249147,322.911520,410.181287,354.845634,326.092509,263.103200,246.392845,216.485271,250.590560,300.932168,324.355086,385.546171,458.425754,414.289536,383.560937,316.891018,305.821621,286.505178,323.604112,336.801445,357.313400,442.310326,500.362591,480.524346,404.212024,399.822084,356.376142,368.628620,385.818223,415.333568,467.965348,499.461256,580.516208,536.409919,503.910328,480.502689,459.861471,464.056478,469.935591,479.411640,511.511397,540.318623
