node_id,0,1,2,3,4,5,6,7,8,9,10,11,12,13,14,15,16,17,18,19,20,21,22,23,24,25,26,27,28,29,30,31,32,33,34,35,36,37,38,39,40,41,42,43,44,45,46,47,48,49,50,51,52,53,54,55,56,57,58,59,60,61,62,63,64,65,66,67,68,69,70,71,72,73,74,75,76,77,78,79,80,81,82,83,84,85,86,87,88,89,90,91,92,93,94,95,96,97,98,99
0,0.000000,43.959738,147.099275,200.723074,303.301008,364.246157,458.420613,506.410970,575.532576,659.972543,72.982203,129.974347,195.282070,216.670303,341.359856,387.266722,449.073315,545.623855,609.363612,677.658316,190.721688,184.664895,252.333536,289.036188,345.065267,433.704900,491.155371,560.642967,651.944112,715.939994,228.929778,263.039780,286.754095,364.429227,420.147344,446.507921,521.187306,615.983571,658.895743,719.218073,302.696465,354.417225,341.206165,409.391576,442.360924,537.179780,564.233178,625.036496,730.381987,781.569365,403.437903,402.664031,410.332043,451.401334,481.878866,557.650696,629.691665,673.232888,724.238644,800.186125,447.163701,460.996456,480.765911,513.292052,582.762320,626.791491,661.701420,731.813644,804.199958,823.197749,565.763546,566.674650,583.888801,584.833929,618.752849,696.182496,716.884058,756.593960,855.365182,888.139447,627.364054,619.103742,634.070310,681.372228,690.596505,734.006214,776.279304,828.644803,893.706174,966.745004,697.228424,722.651991,731.578999,731.784970,796.075710,825.791886,862.389916,904.958502,960.541720,1010.352100
1,43.959738,0.000000,103.211904,157.023353,259.364635,320.371445,414.472934,462.566746,531.615807,616.174022,84.836700,114.144021,156.426081,174.900900,298.531289,344.239284,405.667691,501.835824,565.409885,633.706060,187.452888,162.680005,221.006118,249.661065,306.109160,392.608433,448.228174,517.905567,608.473636,672.391973,229.778484,248.245084,262.223736,332.388996,383.867562,407.508591,479.786038,574.777113,616.315903,676.656151,295.388344,339.855486,318.520924,382.043485,410.308770,500.548679,525.109663,584.802905,689.747454,740.086406,398.869960,390.665071,389.009967,423.649086,451.873956,524.313619,593.223326,635.679913,685.250328,759.892670,440.793241,447.149578,462.857208,489.883922,556.192207,596.602234,628.461324,696.370265,766.201790,784.465688,558.346697,553.743692,566.504972,563.631740,592.415224,665.734025,684.112225,722.366666,818.766482,851.267331,620.562797,606.724636,618.542665,659.257718,665.138909,705.648201,745.638065,795.992454,859.494003,931.028765,689.069822,711.975513,716.861589,712.227635,773.067150,800.715635,834.528629,872.740082,927.188193,974.947025
2,147.099275,103.211904,0.000000,59.066788,157.072427,218.537669,311.856384,360.734855,429.242206,514.488423,160.397207,132.563090,80.525698,81.249161,197.710392,242.687713,303.129849,398.660341,462.364406,530.644809,211.601480,147.133932,164.172671,161.673438,217.567085,296.154082,346.702855,416.716027,505.721885,569.503295,256.248252,236.001449,221.783127,264.576517,301.669077,316.932504,382.003835,477.164396,515.363246,575.685542,296.713360,319.968844,278.557432,325.677235,339.702161,415.496103,433.108434,489.605742,593.240706,641.477644,400.076628,374.320712,348.788180,364.670608,385.908900,447.901900,507.746644,547.107667,592.812700,664.053300,435.920464,423.772188,428.659390,440.642831,497.228898,527.562091,551.114617,612.840574,675.937757,692.343582,547.336346,529.446152,530.850621,518.381117,533.448121,595.238540,607.492951,641.766953,731.769965,763.489109,609.663293,582.617017,586.462825,610.058597,607.403151,640.093441,673.954141,718.916395,778.225457,845.818312,673.707631,690.203423,685.197867,668.701554,720.277031,742.529555,769.156381,796.336775,847.755034,890.361188
3,200.723074,157.023353,59.066788,0.000000,103.863848,163.843206,258.670912,305.808192,375.253538,459.275464,219.431404,187.497039,103.329320,80.344636,162.018582,203.259553,259.148479,350.048455,410.515834,478.784124,263.599313,191.450717,184.819655,152.469369,202.700688,266.296755,305.552757,375.760300,459.487296,522.442092,307.386051,274.890955,247.556149,268.371658,290.166740,295.108876,348.244348,442.635757,474.315113,534.312321,338.534859,351.814773,301.295005,335.654150,337.952915,397.933850,407.103750,458.626178,559.582729,604.293932,439.287020,406.291051,368.609176,371.435435,386.676985,438.329141,488.344329,523.888659,564.635558,630.971114,471.879533,451.075698,449.925822,452.331035,501.057661,523.113171,539.177242,594.368520,649.810488,663.934702,578.832528,554.444204,549.452133,531.271668,536.716040,588.756158,595.608550,625.904343,708.911268,739.633722,640.524587,607.033765,606.407970,619.156223,610.625944,637.117582,665.732356,705.705640,760.805697,824.235412,701.768279,714.798070,704.364612,680.869024,725.892876,744.184880,765.272488,783.233914,831.676820,869.215732
4,303.301008,259.364635,157.072427,103.863848,0.000000,61.660860,155.147418,203.688428,272.280432,357.447500,313.412901,266.374202,155.067758,118.001654,86.643070,113.777219,160.333957,246.787364,306.702946,374.988932,331.570398,250.660289,207.597383,134.566568,159.827759,187.753978,208.924371,278.223147,357.141138,419.544805,371.392224,316.344604,268.650968,248.709694,241.183467,227.905621,259.956909,351.433094,375.822970,435.211247,381.476326,374.876533,311.496019,320.399365,301.991240,332.135906,328.093336,371.617571,468.091097,508.722415,472.691387,426.758430,368.617880,348.064225,351.976199,383.839396,416.956719,446.254528,479.745119,539.582960,497.626784,460.794753,448.473809,433.526722,466.762436,474.290256,477.991636,522.344802,566.652933,577.792310,592.771645,556.464556,539.748995,511.820577,500.390317,535.098518,533.372025,557.207498,629.477514,658.641898,651.907225,606.672276,597.730878,590.813860,572.423170,588.160733,607.984981,639.857685,688.322230,745.605557,706.569822,712.726132,692.339196,656.682288,689.663788,701.089255,712.971632,716.715567,760.481411,790.878121
5,364.246157,320.371445,218.537669,163.843206,61.660860,0.000000,95.320285,142.242721,211.410823,295.968981,374.955634,326.151376,212.717574,175.843251,97.869167,97.409454,119.739125,192.254177,247.600795,315.687861,388.322134,306.531016,254.411392,172.760819,179.778380,173.528488,169.280535,234.704564,304.106808,364.935306,426.630949,365.371315,311.717925,273.737273,248.106881,221.169854,229.496981,314.730756,329.266558,387.220551,429.710089,415.401868,348.266067,344.082881,314.136279,320.916109,305.047161,339.213468,429.317150,464.855130,515.807417,465.049248,398.626381,366.017680,362.795650,379.827757,398.484763,421.646171,447.734677,500.254496,537.112063,493.429233,475.732082,451.587451,474.588273,472.149196,466.605021,501.455769,535.342501,543.521918,625.559851,583.687331,560.907170,527.874621,506.221368,528.386671,520.238083,538.608145,601.003072,628.546192,682.813969,631.996901,618.642234,600.260514,575.831226,584.039806,597.261893,622.598497,665.299136,717.008323,733.604111,736.042513,710.307181,667.866403,692.940259,699.715582,705.119721,698.248311,737.986284,762.274544
6,458.420613,414.472934,311.856384,258.670912,155.147418,95.320285,0.000000,53.068680,117.571770,204.279684,465.106232,410.966295,295.512414,260.131980,149.257180,115.589206,79.073816,102.314762,152.287294,220.374648,466.168789,384.104355,320.084144,234.181966,218.350816,164.481997,113.518603,162.288902,213.817405,272.367322,501.129367,430.380041,369.416484,308.070962,258.930398,214.834352,181.706523,249.231644,247.563337,302.396629,491.999215,465.711676,395.158291,371.841033,326.656493,296.826987,262.869673,279.584736,356.883729,384.575714,568.058186,510.566167,433.370777,384.061468,370.233551,363.489047,358.501064,371.122534,385.023905,425.795541,583.045402,529.346229,503.729751,466.168052,472.619980,454.852061,435.157554,454.350071,471.887276,475.640542,659.144809,609.097361,577.246962,537.059829,500.181583,502.358482,484.541490,494.120137,540.674400,565.515110,712.516757,653.519207,633.422932,597.495669,564.248978,560.677996,563.530442,578.528962,612.056295,655.155741,756.381979,752.823274,718.952115,666.542162,678.955519,678.485150,673.950502,651.285537,684.669047,700.008707
7,506.410970,462.566746,360.734855,305.808192,203.688428,142.242721,53.068680,0.000000,70.619341,153.759080,515.934480,463.228367,347.920366,312.216485,202.147619,166.577557,119.496810,89.912477,113.310379,178.688654,519.178075,437.090521,372.956077,287.039107,268.966501,205.803343,138.351154,166.390358,190.198971,242.171634,554.196304,483.034226,421.464378,356.608217,302.392095,254.267481,203.497723,253.621316,235.556707,284.588176,544.298597,516.327494,445.468365,418.087957,369.160425,325.649777,283.229700,287.397163,351.448718,370.569067,618.728879,560.094237,480.853111,427.419496,410.332261,394.217407,377.035864,382.683835,387.355816,417.121267,632.423513,576.570171,548.958446,507.534276,507.806731,483.555297,456.982271,466.552168,472.111251,472.175546,705.221757,652.979498,618.358412,575.924235,533.370577,526.095368,503.235929,507.403907,542.455741,564.952519,757.292768,695.958548,673.667489,631.190420,594.357565,585.135401,582.390760,591.083608,618.248042,654.724418,798.831030,793.233707,756.506892,700.374632,707.057953,703.043613,693.277958,661.342172,690.224608,698.942644
8,575.532576,531.615807,429.242206,375.253538,272.280432,211.410823,117.571770,70.619341,0.000000,88.012143,582.518001,527.050279,411.495690,376.738838,259.860055,218.834290,160.120707,77.297305,48.387956,108.853841,579.071539,497.463583,428.664303,343.345938,317.137552,238.808343,157.057583,153.350782,137.417667,179.808209,612.064957,536.594985,472.378771,397.962358,334.692274,281.592794,209.146187,231.759425,193.917713,233.763623,595.645472,561.529926,490.311534,453.401106,398.001812,333.629080,281.034469,268.021809,312.786716,321.626852,663.524995,601.844189,518.131299,456.773272,434.001821,402.938180,368.510209,364.527030,357.178509,373.166600,673.334403,612.406192,580.600371,531.986400,521.439369,487.291155,451.091681,447.248129,437.557061,433.249041,737.606166,680.979212,641.183825,595.032014,543.372080,521.740126,492.075157,488.808428,508.748160,528.184663,786.544712,720.763012,694.423780,640.891424,598.697403,581.025771,570.311423,570.354900,589.071338,617.244508,823.064311,813.540037,771.806079,709.697095,707.193718,697.879875,680.688991,636.627375,659.607539,660.391510
9,659.972543,616.174022,514.488423,459.275464,357.447500,295.968981,204.279684,153.759080,88.012143,0.000000,669.277718,614.775070,499.223679,464.225869,347.840976,306.383463,246.173768,152.188964,80.473122,69.543602,667.059575,585.473712,516.239838,431.116934,403.248454,320.399468,235.761862,212.345382,148.799266,158.073715,699.852591,623.569555,558.723815,481.041797,414.108372,359.415136,276.755130,273.087810,213.740881,232.547287,681.889345,645.503056,574.386618,533.080708,474.584545,397.173168,338.288827,309.229304,325.995701,317.081622,747.030636,684.066099,598.418789,532.969570,506.821037,465.203041,416.100803,401.967903,380.107883,374.780947,754.885983,691.375382,657.204981,604.209251,585.629572,543.528955,498.904149,480.542732,451.283238,440.614445,813.884980,754.579018,711.323132,662.735639,604.247624,569.610490,533.440619,521.850467,521.694451,536.212768,860.511425,791.858369,762.621391,700.378231,653.808296,628.162578,609.150398,599.117226,606.627833,622.474748,893.223524,880.688110,835.076811,768.217016,757.060169,742.435614,717.354710,659.275895,674.049931,663.325953
10,72.982203,84.836700,160.397207,219.431404,313.412901,374.955634,465.106232,515.934480,582.518001,669.277718,0.000000,76.018468,176.926682,207.676298,332.993639,379.279719,443.295979,543.623182,611.865931,679.583110,119.644916,132.289377,211.193508,266.603408,319.362564,414.097724,480.761413,548.146474,644.807295,709.277636,156.188809,198.390419,232.743662,320.936660,385.057993,418.821690,501.734541,594.726101,644.556734,704.380289,232.222655,288.158488,283.426020,356.933853,397.508548,501.419688,535.494447,599.699507,705.911871,760.530836,331.439723,334.170671,349.942738,399.009777,432.792569,514.069835,592.701378,638.846868,693.864375,774.009372,375.661330,393.427217,416.340692,454.402363,527.499768,576.817033,617.156337,691.674647,770.374880,791.509648,494.421655,498.092111,518.505772,523.040335,562.956184,646.261119,671.099257,713.599245,817.503923,850.864434,555.721316,550.053794,567.064291,620.145591,633.285755,680.563918,726.329754,782.143434,850.136992,926.331357,626.003229,652.504706,663.780204,667.847087,735.471967,767.541327,807.775052,857.378406,914.995264,969.086972
11,129.974347,114.144021,132.563090,187.497039,266.374202,326.151376,410.966295,463.228367,527.050279,614.775070,76.018468,0.000000,115.556029,151.075486,270.739062,316.239034,380.633811,482.240252,552.898539,619.723939,80.995443,56.767286,135.620261,197.440285,247.586005,344.021139,414.848500,480.533613,579.529199,643.941601,125.913825,134.578042,158.624791,244.918257,309.820495,345.434855,431.066932,522.883613,575.509915,634.874191,182.165739,226.309234,211.693270,282.551187,321.575040,425.840528,461.343459,526.395995,632.645815,688.324164,286.383163,276.588807,280.403121,324.680751,357.529579,438.107108,516.893703,563.330112,619.030344,700.123431,327.379661,333.500354,351.231049,383.698526,454.598421,501.920177,541.302813,615.660350,694.851276,716.322538,444.486144,439.923267,454.600190,454.861263,490.365917,571.398229,595.410208,637.650401,741.556211,774.947016,506.794152,492.810033,505.656439,551.441160,561.620773,606.933617,651.519598,706.602667,774.253861,850.314200,575.026169,597.863657,603.675456,601.962852,666.241629,696.542771,734.730371,782.058369,839.345748,893.087431
12,195.282070,156.426081,80.525698,103.329320,155.067758,212.717574,295.512414,347.920366,411.495690,499.223679,176.926682,115.556029,0.000000,37.080806,156.573380,202.673095,266.915940,367.953045,437.811892,504.940226,176.514353,96.287395,84.753545,93.762759,149.875787,239.750303,303.848100,371.526554,467.914145,532.389376,216.945830,172.790058,145.466950,184.894818,228.346555,251.337174,327.546364,421.804422,468.493031,528.538567,237.333910,248.595304,200.867373,245.154057,261.084413,344.543414,369.039458,429.888925,535.450091,587.671415,336.589342,303.110084,270.128813,284.225218,306.343443,371.801072,437.232552,479.279143,529.119337,605.027286,368.590104,349.075903,350.751438,360.293467,416.927594,449.029551,475.660315,541.005063,609.781463,628.220386,475.851375,453.510502,452.101475,438.246963,453.181258,517.233360,531.789982,568.132578,662.612260,695.001617,537.705494,506.425099,508.251014,529.583177,527.091672,560.903241,596.429766,643.556184,705.100470,775.317911,599.765208,614.199012,606.787640,588.549606,639.768690,662.335697,690.053708,720.746151,773.662637,819.431345
13,216.670303,174.900900,81.249161,80.344636,118.001654,175.843251,260.131980,312.216485,376.738838,464.225869,207.676298,151.075486,37.080806,0.000000,126.189174,172.546638,236.054193,335.964212,404.496090,472.043979,213.568888,132.946617,106.100780,80.610640,136.317925,217.832964,275.613048,344.539200,438.412773,502.791265,253.708545,205.205077,169.616328,189.977341,220.924046,236.017717,304.887173,399.903751,442.495254,502.778581,270.325319,275.551317,221.839625,255.865366,262.340439,334.263061,352.698136,410.612303,515.131660,565.191302,367.291406,329.673102,288.442646,292.491440,309.995967,367.920884,426.497637,466.064825,512.665128,585.526416,397.208880,372.300570,369.823581,372.438255,423.358702,449.457383,470.695228,531.618849,595.240117,612.142889,501.295311,474.842990,469.114217,451.270955,459.287762,516.439360,527.134112,560.758099,650.619498,682.420348,562.586989,527.258955,526.107200,539.959544,533.309785,562.766061,594.640514,638.354543,697.101613,764.584310,622.769620,634.975428,624.024992,601.072434,647.803256,667.646422,691.542767,715.832063,766.786384,809.115542
14,341.359856,298.531289,197.710392,162.018582,86.643070,97.869167,149.257180,202.147619,259.860055,347.840976,332.993639,270.739062,156.573380,126.189174,0.000000,46.370935,110.358099,211.543072,282.533571,349.028074,319.219135,237.753440,170.827800,84.927265,81.921956,105.396807,149.809740,219.376899,312.241396,376.642122,352.673668,281.280017,221.795256,175.885983,156.026592,141.739069,186.361583,281.088938,317.863908,378.206382,343.495898,322.014342,253.198189,246.274043,219.445850,246.232447,246.971452,296.626421,397.885890,444.229274,423.648652,370.019697,301.065551,269.292514,268.978168,297.212760,332.775174,364.769378,403.006197,469.180903,442.428789,396.212041,377.867566,355.026749,382.783726,387.856628,391.747274,438.645561,488.715351,502.155355,528.210766,485.818693,463.700845,432.116847,415.752862,448.456218,447.340366,472.543567,549.282154,579.387645,585.125951,534.220620,521.539579,507.705770,487.152567,501.613307,521.537773,554.616906,605.049142,665.100272,635.749844,638.546554,614.086428,574.453363,604.468491,614.905138,626.331732,631.712372,676.842207,710.260998
15,387.266722,344.239284,242.687713,203.259553,113.777219,97.409454,115.589206,166.577557,218.834290,306.383463,379.279719,316.239034,202.673095,172.546638,46.370935,0.000000,64.395532,166.165607,238.367883,304.108630,361.865588,281.160370,209.862733,124.958035,102.761747,77.038212,104.042213,174.042817,265.872331,330.271209,393.576618,318.123052,255.216638,193.617110,154.129607,123.760406,146.817208,239.966633,272.728730,333.029654,378.320557,350.144409,279.571812,259.835733,221.667009,224.476263,214.764459,258.388915,356.971069,401.074661,452.508870,395.140416,319.565500,276.466791,268.930753,282.429357,305.376423,332.839529,366.218795,428.468640,467.656132,415.579489,392.369465,360.996086,378.804993,374.739929,370.573516,410.028688,452.970229,464.596293,546.341588,499.131474,471.561078,435.475059,409.779056,431.358760,424.887099,445.839376,515.727382,544.868562,601.116304,545.418072,528.775543,504.644770,478.797591,486.738595,501.208875,529.211315,575.510693,631.868513,647.924160,647.354045,618.212202,572.708529,595.799677,602.308896,608.433005,605.581340,647.871390,677.147521
16,449.073315,405.667691,303.129849,259.148479,160.333957,119.739125,79.073816,119.496810,160.120707,246.173768,443.295979,380.633811,266.915940,236.054193,110.358099,64.395532,0.000000,101.960692,175.150891,240.081357,425.131997,344.926130,271.532521,188.005672,157.140807,86.625639,49.698496,117.905100,202.903845,267.068059,455.688770,377.547950,312.568664,239.405220,182.913193,136.250001,112.005770,195.042153,215.677116,275.382496,435.775492,401.865915,330.659765,298.942063,249.904228,219.284297,191.204835,219.811232,310.210007,348.571301,504.059246,443.480105,362.276660,308.009885,292.155867,285.032239,286.630498,305.017792,328.200530,381.414783,515.459912,457.725475,429.494439,388.788433,393.555171,376.804644,360.399748,386.565848,415.831334,423.784557,585.872136,533.542491,499.782024,458.639964,421.165014,426.257044,411.500540,425.068328,482.056434,509.174335,637.796274,576.870968,555.561176,518.433152,485.679075,484.072931,490.005906,509.507277,548.406968,597.897243,679.762324,675.070363,640.242760,587.471847,600.814615,601.624909,599.791182,583.944150,621.182059,643.125478
17,545.623855,501.835824,398.660341,350.048455,246.787364,192.254177,102.314762,89.912477,77.297305,152.188964,543.623182,482.240252,367.953045,335.964212,211.543072,166.165607,101.960692,0.000000,75.088925,138.164256,526.864170,446.855998,372.576184,289.812390,255.426533,168.509056,83.574282,80.018127,112.075022,172.930028,556.719691,476.741807,410.495888,329.392840,261.982709,207.566543,131.865376,165.113032,147.605130,200.494960,533.103542,494.145476,423.185263,380.973545,323.365200,256.445302,205.307441,199.937283,261.857992,284.149306,595.339633,531.986137,446.257382,381.991839,357.799347,325.787516,295.353601,296.191600,297.707820,328.443030,602.709528,539.469552,506.134052,455.701784,444.143460,410.907830,377.218778,379.883022,382.211523,382.428805,663.045086,605.233705,564.466735,517.921548,466.236731,447.505321,420.454836,421.111612,452.617873,475.044314,710.981408,644.293571,617.408580,563.835456,522.346654,506.816627,499.283929,504.136456,529.022596,564.820620,746.423189,736.433011,694.509290,632.711748,631.888857,624.190308,610.073865,573.200758,600.806835,609.069030
18,609.363612,565.409885,462.364406,410.515834,306.702946,247.600795,152.287294,113.310379,48.387956,80.473122,611.865931,552.898539,437.811892,404.496090,282.533571,238.367883,175.150891,75.088925,0.000000,68.305752,600.121051,519.523286,446.629847,363.007268,330.296460,243.161544,157.800824,132.432956,91.344435,131.535725,630.803742,551.572056,485.501093,404.083202,335.218167,280.113333,196.287434,199.695489,151.751187,187.037540,608.173566,568.931009,498.053524,454.031648,394.678516,317.289243,259.574365,236.273754,270.048235,274.985073,669.904604,606.090222,519.529529,452.920439,426.391450,385.676996,341.026791,331.523723,317.934193,327.912455,676.443033,611.890879,577.145677,523.741241,505.879828,465.705027,424.035379,412.675174,395.664478,389.582079,733.706251,674.141907,630.903651,582.510940,525.224706,494.899352,461.564128,454.268842,466.870435,484.990264,780.082229,711.404998,682.375457,621.813372,576.520924,553.880222,538.717982,534.213230,548.842566,573.535608,812.828408,800.606971,755.675643,689.984214,681.837246,669.478561,648.257106,598.265532,618.531749,616.206044
19,677.658316,633.706060,530.644809,478.784124,374.988932,315.687861,220.374648,178.688654,108.853841,69.543602,679.583110,619.723939,504.940226,472.043979,349.028074,304.108630,240.081357,138.164256,68.305752,0.000000,665.002910,585.005100,510.450087,427.975121,392.277975,300.984717,216.090608,173.936750,87.802788,88.658389,694.496837,613.382444,546.454919,460.841062,388.445641,332.717768,241.391255,218.154001,151.164117,163.673117,668.267782,625.556574,555.309802,505.920273,443.664437,353.797328,291.392998,252.926875,258.689789,247.570347,725.312407,660.032679,571.556430,500.705989,470.716213,419.465870,360.990368,341.838590,314.786902,305.485041,729.106059,661.609555,624.258994,566.315862,540.051863,492.245959,442.826771,417.825333,383.276826,371.703905,779.509656,717.157506,670.346292,619.682525,555.798190,512.919290,473.725010,458.734420,453.329899,467.183306,822.987086,751.416790,719.400714,650.191661,600.869286,570.667458,547.811302,534.144929,538.849050,553.124499,851.338748,835.922995,787.138599,716.964843,700.391336,683.065158,654.666752,592.448768,605.619160,593.843982
20,190.721688,187.452888,211.601480,263.599313,331.570398,388.322134,466.168789,519.178075,579.071539,667.059575,119.644916,80.995443,176.514353,213.568888,319.219135,361.865588,425.131997,526.864170,600.121051,665.002910,0.000000,82.164134,156.153309,237.133020,276.919588,374.417871,452.877374,513.864997,616.280740,679.932480,44.948798,89.120039,144.680631,245.195841,320.146999,364.888124,457.700628,544.396565,604.221615,661.807258,112.592252,172.259976,182.600803,262.254983,314.518908,429.928881,474.609568,542.512365,647.697614,706.839409,212.897217,215.422989,241.808875,302.832077,341.119381,429.203382,516.655805,566.012911,626.398964,711.886584,256.444872,275.251364,301.413622,346.599513,424.007115,480.558769,528.630277,608.843078,696.257790,720.445330,375.087681,378.988909,401.964513,410.580191,458.254919,549.166739,579.891877,626.088408,736.601351,770.508091,436.642366,430.687278,448.944101,507.811604,525.858816,578.063693,628.388631,688.698127,760.399515,840.631075,506.606987,532.861230,544.997088,552.317370,623.391124,658.161947,702.852974,761.804846,821.932269,881.838909
21,184.664895,162.680005,147.133932,191.450717,250.660289,306.531016,384.104355,437.090521,497.463583,585.473712,132.289377,56.767286,96.287395,132.946617,237.753440,281.160370,344.926130,446.855998,519.523286,585.005100,82.164134,0.000000,83.379073,157.255087,201.676219,299.402444,374.900964,438.027682,539.200389,603.270674,120.769019,90.657864,102.275208,189.255176,256.885290,295.823801,384.966591,474.798942,530.815394,589.432865,149.583886,179.909956,156.745828,225.908017,265.321864,371.827760,410.019326,476.236041,582.334188,639.372505,253.259878,232.818791,226.644196,268.035848,300.775122,381.918395,462.177720,509.324464,566.300926,648.821236,290.443290,286.823505,300.318589,328.775361,398.423886,445.155881,484.881219,559.969924,640.750134,662.883458,404.468424,393.619978,403.998661,401.352589,434.307930,514.634719,538.823785,581.405124,686.270913,719.775317,466.984084,446.851338,456.607959,497.419456,505.954762,550.428891,594.758212,649.934931,717.872328,794.410054,533.220282,553.266063,555.181494,549.605323,611.784126,641.127165,678.403758,725.323918,782.735817,837.015058
22,252.333536,221.006118,164.172671,184.819655,207.597383,254.411392,320.084144,372.956077,428.664303,516.239838,211.193508,135.620261,84.753545,106.100780,170.827800,209.862733,271.532521,372.576184,446.629847,510.450087,156.153309,83.379073,0.000000,85.917443,120.777738,218.401053,297.025577,357.765870,460.140690,523.781348,184.177172,111.267798,63.647288,112.098204,174.274514,212.508158,302.710802,391.682309,448.984388,507.167728,175.298891,170.248118,116.617106,163.563186,190.033972,290.254251,326.766516,392.858151,498.967072,556.047844,265.412959,223.996132,185.387286,204.193763,230.887265,305.530702,381.556024,427.724445,483.644895,565.606163,292.663550,266.375618,266.146714,276.924346,337.309300,375.600173,409.475726,481.376522,559.249962,580.737177,395.217546,369.718652,367.348510,354.303369,373.639435,444.769482,464.556468,504.821285,606.606224,639.868126,456.487654,422.436919,423.534124,446.712788,447.125177,485.015229,524.726787,576.311564,641.830688,716.301647,517.001701,530.225313,522.042085,504.616560,558.132848,582.734566,614.054389,652.676532,708.276414,759.468325
23,289.036188,249.661065,161.673438,152.469369,134.566568,172.760819,234.181966,287.039107,343.345938,431.116934,266.603408,197.440285,93.762759,80.610640,84.927265,124.958035,188.005672,289.812390,363.007268,427.975121,237.133020,157.255087,85.917443,0.000000,56.611593,147.498967,218.168171,283.103435,382.797749,447.085524,268.735965,196.488226,139.122787,119.381192,140.388194,157.857169,235.202489,328.797034,378.353103,437.972725,259.259949,242.913233,177.398524,190.038384,185.567248,253.941215,275.457943,336.173981,441.849617,494.723100,343.046639,293.508382,234.458819,222.287241,234.606249,287.819395,346.364643,386.910126,435.591948,511.297399,365.115772,326.229203,314.895474,305.883089,349.487036,370.938632,390.253076,451.228274,516.876976,534.814253,458.235090,422.623794,408.794386,384.954776,384.880944,437.182731,446.713216,480.156260,571.017424,603.072304,517.357417,473.374088,466.639074,469.552470,458.650945,484.787779,514.903996,557.826012,616.554337,684.582140,572.583903,580.033578,562.749637,532.985265,574.438249,591.829954,613.151506,635.321518,686.179057,729.004795
24,345.065267,306.109160,217.567085,202.700688,159.827759,179.778380,218.350816,268.966501,317.137552,403.248454,319.362564,247.586005,149.875787,136.317925,81.921956,102.761747,157.140807,255.426533,330.296460,392.277975,276.919588,201.676219,120.777738,56.611593,0.000000,97.802254,177.165363,237.004086,339.454414,403.015537,303.095208,221.316900,155.495472,94.138659,87.581162,101.461937,183.672887,275.469105,329.158037,387.959505,278.645850,247.427087,176.812910,164.371101,142.629280,198.002895,219.175141,280.973848,386.987330,441.186173,349.813847,292.613863,219.889529,188.771873,192.687449,235.695540,290.180085,330.317962,379.243664,455.914658,365.159254,315.491855,296.009099,274.477115,307.905059,321.941813,336.671475,395.373281,460.279379,478.373820,447.185570,403.917049,382.318433,352.334240,342.189415,386.526875,393.138594,425.052351,514.535391,546.523134,503.586381,452.325351,440.232131,431.249039,415.072983,436.253426,463.087846,503.690641,561.077350,628.299971,553.829140,556.854057,533.588771,496.878383,531.951397,546.126387,563.641187,581.233393,631.103896,672.805112
25,433.704900,392.608433,296.154082,266.296755,187.753978,173.528488,164.481997,205.803343,238.808343,320.399468,414.097724,344.021139,239.750303,217.832964,105.396807,77.038212,86.625639,168.509056,243.161544,300.984717,374.417871,299.402444,218.401053,147.498967,97.802254,0.000000,85.453660,139.515394,242.750903,305.824818,399.144526,314.395574,246.613649,160.924992,96.958446,50.867775,87.816391,182.279948,231.653236,290.854144,367.485045,325.776948,254.978199,214.816743,163.362511,147.521767,141.582426,193.525759,297.342500,347.999139,426.832695,363.710258,279.334545,221.660475,205.780617,207.275878,229.276797,259.492698,298.396969,367.947308,434.807235,373.905326,343.917373,302.176149,309.748755,299.804905,293.550466,334.594886,383.593740,397.793894,500.662317,447.229123,413.190376,372.585624,338.889372,354.874732,347.870397,369.645605,443.889873,474.016173,551.778839,490.269550,469.093678,435.315501,405.925821,410.798593,424.197516,452.685250,500.670105,559.737579,593.158452,588.566134,554.611084,504.067131,522.367405,527.005862,531.646380,529.292140,572.755482,604.914418
26,491.155371,448.228174,346.702855,305.552757,208.924371,169.280535,113.518603,138.351154,157.057583,235.761862,480.761413,414.848500,303.848100,275.613048,149.809740,104.042213,49.698496,83.574282,157.800824,216.090608,452.877374,374.900964,297.025577,218.168171,177.165363,85.453660,0.000000,70.252606,164.700949,229.093251,480.230118,397.616019,330.437321,246.319948,178.524101,124.624426,68.190361,145.454558,168.950481,229.165743,452.196921,411.205566,340.431855,297.512252,240.956067,187.354927,149.367325,171.238571,260.532120,299.852318,512.103964,448.475237,362.726936,299.720673,277.619939,255.872587,244.982569,259.178173,279.276864,331.776611,519.137750,456.182449,423.615560,375.590931,370.382779,345.422674,322.123796,341.810160,366.895215,374.306066,580.614319,524.068570,485.428162,440.764198,395.245807,390.030837,371.051990,381.172112,433.730145,460.381129,629.550481,564.492066,539.534213,493.107064,456.064183,448.713002,450.077005,465.645303,501.748352,549.352878,667.032118,658.971377,619.940668,562.283952,569.198149,566.648372,560.582393,539.083650,574.509741,594.529198
27,560.642967,517.905567,416.716027,375.760300,278.223147,234.704564,162.288902,166.390358,153.350782,212.345382,548.146474,480.533613,371.526554,344.539200,219.376899,174.042817,117.905100,80.018127,132.432956,173.936750,513.864997,438.027682,357.765870,283.103435,237.004086,139.515394,70.252606,0.000000,104.109883,166.383663,538.470845,452.741262,384.572836,292.579783,217.156527,161.685766,67.505131,87.841227,98.719778,158.990329,503.391662,455.849482,386.793980,332.993680,269.897626,184.879117,128.227029,121.007435,195.837680,230.782044,554.068419,487.856628,398.522683,326.771716,297.238619,253.280696,215.697754,216.658375,223.247631,266.084860,556.099291,487.785012,450.365545,393.617238,373.449374,334.799691,297.960084,300.481065,309.735557,313.509405,605.881491,544.405475,499.500134,450.449564,393.053517,368.500654,340.484697,341.551261,378.951150,403.314103,650.348573,580.267570,550.347684,489.946654,446.051206,427.805464,419.276462,424.924066,452.555725,493.012057,681.242451,668.342859,623.282013,558.370987,553.862421,544.889320,530.057455,494.958636,524.818767,537.798699
28,651.944112,608.473636,505.721885,459.487296,357.141138,304.106808,213.817405,190.198971,137.417667,148.799266,644.807295,579.529199,467.914145,438.412773,312.241396,265.872331,202.903845,112.075022,91.344435,87.802788,616.280740,539.200389,460.140690,382.797749,339.454414,242.750903,164.700949,104.109883,0.000000,64.478012,641.883260,556.680735,488.572680,396.472594,320.321906,265.221386,169.077316,130.887949,64.941708,96.392945,607.479041,559.144972,490.516635,434.322186,369.643398,271.332926,207.421913,165.216755,180.150801,184.209987,656.492289,589.655496,499.497776,424.862975,392.182606,335.016887,273.308931,254.529260,231.694904,236.568950,656.792904,586.479774,546.919794,485.804876,455.166997,405.226120,355.030580,331.922666,306.040004,298.700452,700.463059,636.308009,587.496425,535.839047,469.623290,425.122828,386.380657,373.149961,377.099251,394.279997,741.775246,668.655547,635.225724,563.298567,513.358653,482.931752,461.136941,450.408965,460.373728,482.520053,767.605919,750.834366,700.841188,629.739511,612.609431,595.699834,568.815633,511.599145,529.192922,525.007997
29,715.939994,672.391973,569.503295,522.442092,419.544805,364.935306,272.367322,242.171634,179.808209,158.073715,709.277636,643.941601,532.389376,502.791265,376.642122,330.271209,267.068059,172.930028,131.535725,88.658389,679.932480,603.270674,523.781348,447.085524,403.015537,305.824818,229.093251,166.383663,64.478012,0.000000,704.854486,618.878686,550.627699,456.795633,379.559260,325.263699,228.405577,171.609232,94.678907,80.665151,668.371021,617.938560,550.256417,490.877665,425.041107,319.354789,254.389936,200.282444,178.805801,159.831939,713.786887,646.261066,555.417494,478.435503,443.532572,378.572645,305.441585,276.952800,239.006810,218.719121,711.956651,639.792819,598.461462,534.227614,496.554941,440.264468,383.391288,346.079424,300.065216,286.048816,749.657264,683.551893,632.013401,578.862941,507.415636,451.228738,407.061555,385.683567,368.912104,380.956218,788.174582,712.979706,677.115748,597.777463,544.506911,506.874861,477.323724,456.787439,455.576399,465.817309,809.897811,790.292152,737.031373,662.214715,636.922661,615.119227,581.006197,511.073955,520.716439,506.006404
30,228.929778,229.778484,256.248252,307.386051,371.392224,426.630949,501.129367,554.196304,612.064957,699.852591,156.188809,125.913825,216.945830,253.708545,352.673668,393.576618,455.688770,556.719691,630.803742,694.496837,44.948798,120.769019,184.177172,268.735965,303.095208,399.144526,480.230118,538.470845,641.883260,704.854486,0.000000,91.203166,157.602618,258.553710,336.206747,384.542567,479.575476,562.910517,625.929070,682.292125,85.233054,154.878592,182.711350,263.400920,321.538049,440.669361,489.582356,558.283155,662.148766,722.768683,176.265642,189.833167,232.143662,301.660429,342.146995,432.852109,524.001952,574.480752,636.923515,724.239364,221.445370,250.254179,282.020620,334.811300,414.980534,476.346665,528.925955,611.742576,703.120931,728.653279,340.123161,350.333264,378.912100,393.033742,447.835491,543.733625,578.094220,626.192307,739.739955,773.765716,400.739172,400.700828,422.605621,489.636566,512.475102,568.441972,621.804161,684.772368,758.412993,840.652941,471.669228,500.239031,516.663616,529.923521,604.888249,642.234137,690.633428,756.139178,817.638708,880.822552
31,263.039780,248.245084,236.001449,274.890955,316.344604,365.371315,430.380041,483.034226,536.594985,623.569555,198.390419,134.578042,172.790058,205.205077,281.280017,318.123052,377.547950,476.741807,551.572056,613.382444,89.120039,90.657864,111.267798,196.488226,221.316900,314.395574,397.616019,452.741262,556.680735,618.878686,91.203166,0.000000,68.340907,167.911960,246.090611,295.936221,391.944693,473.177110,537.756099,593.314585,65.282856,91.731452,94.119724,174.576609,230.649034,349.467892,398.799637,467.623217,571.155889,632.035351,164.631559,142.917777,153.417493,214.424558,253.608262,343.184941,433.244661,483.531555,545.755692,633.043471,200.094862,198.952669,218.158137,258.366038,335.015164,391.678584,441.067624,522.573024,612.569399,637.804697,313.858851,305.498613,320.928606,324.847866,369.447175,460.153709,491.632501,538.520347,650.532357,684.519681,376.376063,358.501073,371.226216,422.048013,437.737934,489.060538,539.299170,599.962948,672.170502,753.129072,442.979962,464.124876,469.122552,469.610907,537.509409,570.847401,614.237184,672.816314,733.163258,793.963132
32,286.754095,262.223736,221.783127,247.556149,268.650968,311.717925,369.416484,421.464378,472.378771,558.723815,232.743662,158.624791,145.466950,169.616328,221.795256,255.216638,312.568664,410.495888,485.501093,546.454919,144.680631,102.275208,63.647288,139.122787,155.495472,246.613649,330.437321,384.572836,488.572680,550.627699,157.602618,68.340907,0.000000,101.370463,178.605433,227.674714,323.604507,405.404091,469.466646,525.208172,123.275618,106.885256,57.462300,124.190222,170.302931,285.472063,332.251132,400.815804,505.080744,565.327825,204.413524,160.381567,128.542210,166.276013,200.839653,285.994141,372.033532,421.334872,482.014225,568.161503,229.587149,203.658665,207.082562,227.660187,296.149402,344.185173,387.205633,465.474596,551.629905,575.769863,331.697494,308.183886,309.914383,302.135366,332.051851,413.591736,440.012312,484.407741,592.930798,626.753003,393.121165,361.207829,364.928001,397.174237,403.885387,448.312357,493.626054,550.397963,619.981733,698.516804,454.379568,468.935077,463.743164,451.693313,510.845018,539.209998,576.156485,625.113060,683.510330,740.384577
33,364.429227,332.388996,264.576517,268.371658,248.709694,273.737273,308.070962,356.608217,397.962358,481.041797,320.936660,244.918257,184.894818,189.977341,175.885983,193.617110,239.405220,329.392840,404.083202,460.841062,245.195841,189.255176,112.098204,119.381192,94.138659,160.924992,246.319948,292.579783,396.472594,456.795633,258.553710,167.911960,101.370463,0.000000,78.665378,131.531935,228.403855,305.708330,372.275685,426.566110,211.767117,164.907340,94.504015,71.689721,77.985438,184.903650,231.030649,299.756148,403.741698,464.221208,265.993136,204.090314,126.140438,103.247193,121.448627,193.632495,273.507250,321.718524,381.240811,466.893080,276.083198,222.064443,202.008984,186.548729,233.433264,264.869468,297.442965,370.774349,452.723213,475.968339,353.353578,310.036527,291.062659,265.589483,269.452181,333.659715,352.458281,393.113153,497.038172,530.580390,409.460593,358.999112,349.039544,350.960111,343.484577,376.071676,413.395207,464.220160,530.002527,605.399642,460.084305,464.335698,444.190875,413.754010,457.843563,478.207754,505.240041,540.646976,596.202338,648.249015
34,420.147344,383.867562,301.669077,290.166740,241.183467,248.106881,258.930398,302.392095,334.692274,414.108372,385.057993,309.820495,228.346555,220.924046,156.026592,154.129607,182.913193,261.982709,335.218167,388.445641,320.146999,256.885290,174.274514,140.388194,87.581162,96.958446,178.524101,217.156527,320.321906,379.559260,336.206747,246.090611,178.605433,78.665378,0.000000,55.740038,151.379545,227.147301,293.856500,347.901574,290.003606,238.824723,170.735490,118.993506,68.011296,117.081179,154.476253,222.512453,327.561711,386.994369,337.099713,271.616181,184.338873,125.213157,114.906748,148.162456,209.549244,253.995853,309.439073,392.536793,341.319752,277.760839,246.959493,207.803785,227.011422,234.908235,249.896489,312.669298,385.473685,406.507312,403.740560,350.651891,318.800408,281.376861,259.730314,298.975284,306.368073,340.253837,435.221198,468.015736,454.933137,394.588823,375.538507,352.375632,331.289847,349.237078,375.565942,417.440928,477.006100,547.167421,497.453700,494.603216,464.112371,419.776232,448.574156,460.409062,476.237048,494.933442,546.147944,591.160645
35,446.507921,407.508591,316.932504,295.108876,227.905621,221.169854,214.834352,254.267481,281.592794,359.415136,418.821690,345.434855,251.337174,236.017717,141.739069,123.760406,136.250001,207.566543,280.113333,332.717768,364.888124,295.823801,212.508158,157.857169,101.461937,50.867775,124.624426,161.685766,265.221386,325.263699,384.542567,295.936221,227.674714,131.531935,55.740038,0.000000,96.881496,179.571139,241.831809,297.753739,343.191175,294.165714,225.303573,173.959488,116.488682,104.552538,117.726336,180.972005,287.223395,343.548814,392.816061,327.322067,239.534745,175.274037,156.101242,158.700810,193.264864,230.234039,277.783990,355.270793,396.798134,331.963777,299.011086,253.338853,258.884187,250.980176,250.089841,299.332485,359.293434,376.958444,456.015778,400.260030,364.093345,322.389996,288.200032,308.422414,305.602433,331.807874,415.120098,446.619820,505.453303,442.004770,419.513982,384.480109,355.818455,363.195476,380.155084,413.225999,465.841540,529.794568,544.816605,539.064538,504.118416,453.207575,472.546371,478.553063,485.997983,490.480895,537.037236,574.612607
