node_id,0,1,2,3,4,5,6,7,8,9,10,11,12,13,14,15,16,17,18,19,20,21,22,23,24,25,26,27,28,29,30,31,32,33,34,35,36,37,38,39,40,41,42,43,44,45,46,47,48,49,50,51,52,53,54,55,56,57,58,59,60,61,62,63,64,65,66,67,68,69,70,71,72,73,74,75,76,77,78,79,80,81,82,83,84,85,86,87,88,89,90,91,92,93,94,95,96,97,98,99
0,0.000000,114.921865,180.388443,236.252520,327.895909,412.454556,470.418990,556.462323,600.982818,683.557394,89.900937,142.951587,184.710172,283.940257,354.332543,441.731449,495.965137,558.487253,658.346338,695.326677,155.492850,181.141479,227.735307,295.917695,389.520731,470.722659,520.572222,579.424977,642.394565,710.719055,269.844763,283.174389,288.794800,358.419040,393.445841,511.150551,543.141052,630.965581,698.155800,782.698605,296.726667,344.963522,402.403955,432.506116,492.363902,532.575505,607.789056,664.975122,742.926048,786.180761,414.019644,439.914713,455.635474,508.081370,507.732109,578.259391,665.171502,705.309751,762.486357,854.178464,463.561934,477.719405,525.517535,529.900418,602.050230,632.213718,683.007167,738.742316,817.347468,867.274012,527.127753,564.876702,605.381499,630.105553,642.423986,688.783582,747.651720,807.601973,879.953807,932.455273,612.359686,642.156078,663.566769,666.992205,750.395239,792.478315,807.936225,866.881993,922.892104,989.203524,702.748070,727.727286,745.144634,783.001667,777.123024,822.329521,885.781067,929.720982,983.917106,1033.627283
1,114.921865,0.000000,67.401198,123.972993,213.048401,297.733277,355.530577,441.557370,486.061205,568.637303,139.863198,66.543828,95.658638,178.291904,244.970696,330.183061,382.604786,444.335842,544.356246,580.943033,162.894965,146.171840,155.404421,204.824997,291.876214,364.981674,410.495290,468.418096,530.710030,598.494905,276.187796,244.808675,232.730514,286.012512,304.156023,414.535940,442.815529,526.286997,589.226514,672.969373,298.600014,309.016342,347.067975,360.977434,410.580215,441.538269,511.569994,561.957775,638.754312,681.555232,408.177262,410.805095,407.713480,447.757764,436.484458,498.457232,575.546122,612.956613,664.284030,752.281813,463.071506,453.945109,488.690392,472.680738,536.190146,559.231324,601.666484,649.068981,723.080753,770.494252,524.612452,538.087626,567.610091,578.889779,579.595536,619.262799,670.287164,723.111051,790.113777,839.067974,599.718858,621.257557,632.382760,622.952294,693.300767,726.372878,736.243860,786.280403,835.380250,900.992694,697.492169,708.809370,715.129771,737.157397,721.176929,760.099276,819.292900,852.658509,905.001073,948.654412
2,180.388443,67.401198,0.000000,56.573083,151.402043,232.665861,291.223720,377.304155,422.243600,504.551414,185.294288,69.131238,62.182096,113.351401,177.835504,262.799502,315.734366,378.107604,477.960298,515.002309,183.982846,145.052022,121.962821,149.636788,229.720918,298.609331,343.123723,401.021073,463.370303,531.255245,281.899870,225.354854,202.048692,240.288322,246.746628,351.746143,378.230506,459.951174,521.928154,605.589826,300.018073,286.359602,310.087341,313.270686,355.733762,381.312313,448.469092,496.088226,572.443525,615.085511,399.437408,387.915666,373.368846,404.896612,387.350458,443.661803,515.188235,551.189149,599.952611,686.548519,455.717148,432.967111,459.019411,431.184888,488.723755,507.559945,545.254031,588.385844,660.192389,706.526350,514.502576,513.359118,535.910330,539.233507,533.336955,568.944588,615.499751,664.575224,728.950688,776.322551,582.210373,598.583327,603.572791,586.854124,649.154868,677.118925,684.008848,729.376031,775.134748,840.304725,682.900988,686.152536,686.020612,698.884989,677.441962,712.698553,769.332414,797.240175,848.534088,889.295767
3,236.252520,123.972993,56.573083,0.000000,104.900722,179.191700,238.363789,324.166957,369.460044,451.319149,232.094024,110.218583,80.680245,63.286509,121.795091,206.236224,259.734709,322.774601,422.371857,459.857105,217.186505,167.112224,119.265219,114.408552,180.771066,243.461889,286.609207,344.448263,406.840280,474.813208,299.069213,224.392890,191.934503,211.548303,203.717269,300.830804,325.094542,404.658417,465.501076,549.056891,313.120861,279.252584,288.190163,279.999723,313.868900,333.180671,396.821399,441.291968,517.114465,559.568169,401.313640,377.538156,352.489748,374.994717,351.241894,401.003759,466.291258,500.711327,546.708468,631.779547,457.702799,423.430222,441.079014,402.270772,453.220238,467.674458,500.335651,538.946698,608.367856,653.554694,513.263977,499.233111,515.127489,510.918629,498.668228,530.036611,571.939916,617.132544,678.772087,724.516351,573.762840,585.401404,584.812028,561.502509,615.791435,638.732607,642.712772,683.399121,725.799882,790.457048,676.135396,672.288148,666.377382,670.772482,644.322794,675.944067,729.946860,752.561542,802.753254,840.680280
4,327.895909,213.048401,151.402043,104.900722,0.000000,89.430617,143.867711,229.347455,273.351956,356.026853,335.222727,214.186262,185.193888,113.450433,100.973192,145.418442,182.058064,237.428031,337.217921,371.682326,321.815680,269.800714,213.014627,173.636337,187.576401,206.116452,225.983019,276.415249,333.874438,398.257003,397.001106,311.260299,272.182223,264.417405,226.094093,284.224030,295.432861,356.361207,401.506994,480.641846,408.201639,357.232123,345.930319,317.618051,328.089648,325.852545,371.311995,395.862496,465.639642,505.689622,485.067649,447.770164,408.471037,413.796699,377.845949,408.043299,450.011343,476.990551,508.581962,582.803586,540.539761,493.449698,498.566009,441.862113,476.797333,479.850383,496.906596,518.536677,576.294302,615.091044,591.695530,561.075644,566.088753,548.204896,522.753397,542.939585,570.882212,602.537568,652.787973,690.858795,642.290053,647.048269,637.747968,603.314993,640.103141,650.610228,646.773948,672.670198,702.532558,764.419146,745.631602,731.679880,716.550318,705.262923,668.660643,691.257262,737.782658,745.008175,791.096537,818.845087
5,412.454556,297.733277,232.665861,179.191700,89.430617,0.000000,59.376075,144.975758,190.302536,272.159543,410.244886,288.320830,253.093540,157.192469,98.283619,73.900509,93.820376,148.238548,248.256613,283.613776,386.357609,329.425257,263.491831,201.727556,169.361059,144.551394,144.605071,189.723668,245.204096,308.926158,443.823760,346.849778,303.619435,271.655591,212.934247,230.613986,230.937435,277.198343,314.767343,392.331587,450.262220,380.600890,350.166079,306.070904,295.770073,276.268148,305.817948,317.339631,383.096677,421.768587,510.045255,458.979169,407.413065,396.901635,352.438813,365.001502,388.118428,409.474991,432.027391,500.311468,563.037401,502.871755,495.289588,424.341819,444.217232,437.982450,442.726990,452.251343,502.141484,537.178110,607.889624,560.246716,554.650553,524.943403,489.078663,499.770265,516.646208,538.518312,581.192397,614.753636,646.547522,644.124922,626.521290,582.638272,603.793788,604.372014,594.819367,610.174296,632.005582,691.820138,749.268899,725.068071,701.306727,676.240086,631.845329,646.965733,687.247240,683.745757,726.762409,748.211730
6,470.418990,355.530577,291.223720,238.363789,143.867711,59.376075,0.000000,86.092632,131.128344,213.329219,469.615388,347.678103,312.392899,215.117682,150.956532,90.406673,64.987807,97.647063,195.191676,228.195255,445.133552,387.728750,320.766648,255.353751,207.808804,154.856087,127.225666,155.852710,202.517395,261.352053,498.975138,399.675219,355.816921,316.054996,250.708316,240.003115,229.608232,254.777839,277.002769,349.166438,504.076103,428.954372,391.206470,340.538827,318.190080,286.587825,299.782525,294.658880,352.714401,388.457958,557.652082,501.375239,444.808726,425.970799,377.447482,377.337927,383.386391,398.436320,409.798856,468.662388,609.263678,543.956201,530.225785,452.484066,462.343316,449.489282,444.045232,441.749374,482.035785,511.904576,651.129151,595.720456,584.408855,547.943699,505.659134,509.190376,516.699547,529.122596,563.276660,591.186207,683.880217,677.750831,655.681221,606.567489,616.995460,610.032989,595.876588,601.512576,614.853612,671.917682,785.637287,756.093537,727.493668,693.840257,644.392202,653.737056,688.628062,675.637117,715.377295,730.168287
7,556.462323,441.557370,377.304155,324.166957,229.347455,144.975758,86.092632,0.000000,45.613779,127.251107,554.837957,433.049615,396.952922,297.322055,228.920607,149.632703,90.998795,49.085761,118.656434,146.133696,527.993083,469.703661,401.227863,331.522499,268.874148,191.556851,135.065632,126.465913,147.355469,192.606918,575.117939,472.961952,428.687839,379.571177,308.628506,264.106465,240.294465,230.833207,225.188015,285.173553,578.089811,495.671124,448.693515,390.838101,353.909624,308.180113,297.469343,267.113153,309.599473,339.356413,622.052772,558.930029,496.374782,466.718218,414.176051,396.908419,378.429575,383.519260,377.432221,420.124283,671.251651,599.160935,576.998226,491.336926,487.173431,465.424453,445.644833,426.106273,450.832443,472.212685,708.432026,642.392544,623.147835,577.748929,527.288689,520.612243,514.487608,512.805488,533.642473,552.673956,732.334545,720.915254,692.678766,636.751720,631.749752,614.072499,593.505808,584.871582,585.493967,637.724486,831.911765,794.801864,759.470507,713.842496,657.795982,658.697241,685.307436,658.682610,693.137238,698.037218
8,600.982818,486.061205,422.243600,369.460044,273.351956,190.302536,131.128344,45.613779,0.000000,82.694687,600.359441,478.527943,442.548734,342.868959,274.090531,192.769695,132.013881,74.262172,93.619717,110.950938,573.543768,515.170245,446.514933,376.138980,310.322334,227.906619,165.667652,140.965077,141.217529,170.910112,619.391936,516.644367,472.350604,420.859862,348.807461,293.691330,265.282470,239.317669,215.984746,264.420564,621.815548,537.464506,487.747076,427.858488,386.098676,335.657251,314.605935,271.913696,303.351135,328.370133,662.817436,597.544175,533.138990,499.645263,446.021135,421.937137,392.333770,392.163900,376.327253,408.099341,711.103771,636.806947,611.588659,523.340397,513.423377,487.974121,461.709295,433.620465,449.207404,465.175841,746.543462,676.675920,654.335074,605.441721,551.787416,540.519808,527.840852,518.816805,531.962106,545.527236,767.028164,753.527105,722.843969,664.270124,652.357793,629.663704,606.055616,590.012136,583.500838,632.507350,865.483164,825.337912,787.234451,736.433391,677.610367,674.440260,696.736409,663.095985,694.421749,693.652330
9,683.557394,568.637303,504.551414,451.319149,356.026853,272.159543,213.329219,127.251107,82.694687,0.000000,681.496289,559.882860,523.211284,422.191388,351.835169,266.522669,204.441897,139.004830,78.414100,58.676481,652.583677,593.646945,524.157633,451.580101,378.749523,289.039642,221.749859,177.888128,145.355953,137.624857,693.012794,588.826777,544.654686,487.767704,414.132035,341.020187,306.094029,254.236723,201.495543,223.065973,693.796168,604.771964,549.271303,485.842198,435.553045,377.916045,339.675359,277.885188,287.265665,302.154788,727.131654,657.343760,589.507563,548.715496,493.764696,457.535423,408.730651,399.139328,366.256194,376.980413,773.109137,694.286443,662.872845,570.333902,549.600598,517.703288,480.131573,437.287846,435.892334,441.636607,804.490109,726.870316,698.453332,643.197228,584.129516,564.482469,539.981939,517.762110,516.713656,520.178647,817.553513,799.830359,764.421165,701.118424,676.159326,644.381524,615.480064,586.139884,566.814516,609.340615,913.207542,867.033858,823.632881,763.188945,699.653958,688.914120,702.990696,656.909016,682.206540,671.262880
10,89.900937,139.863198,185.294288,232.094024,335.222727,410.244886,469.615388,554.837957,600.359441,681.496289,0.000000,122.005720,158.814001,262.415561,335.100091,424.578362,483.597572,548.928773,646.561822,685.669259,70.749856,114.578037,178.394764,255.308832,350.520014,440.426142,497.725395,557.851030,621.828679,691.060514,180.312910,206.310473,221.193567,297.518769,345.163609,466.996125,502.955186,595.683443,669.969362,755.482103,207.400875,264.384286,329.066328,368.126313,434.101322,481.837793,561.282579,626.610649,705.445655,749.014946,324.771317,355.066604,377.416362,435.015152,441.285910,516.690281,610.839981,653.222480,716.423997,812.252418,373.773254,391.088877,442.075981,454.842482,530.700208,564.942352,621.214654,683.615722,766.201377,818.589971,437.349142,478.337146,521.573712,551.073495,568.897972,618.664178,682.204768,747.187860,823.800148,879.530336,523.221114,554.094042,577.575294,584.864925,673.076614,719.506340,738.187462,802.917534,864.294270,930.860076,612.946788,639.137484,658.562292,700.877622,699.109545,747.086180,812.468267,862.789990,918.027968,972.227386
11,142.951587,66.543828,69.131238,110.218583,214.186262,288.320830,347.678103,433.049615,478.527943,559.882860,122.005720,0.000000,41.917345,144.612505,216.950247,306.122668,363.724491,428.478403,526.939994,565.516963,115.015283,82.960031,91.979737,153.320506,246.570430,329.337801,382.236446,441.905482,505.561601,574.518867,218.190948,178.421091,166.858568,224.658764,251.789868,368.305618,400.228621,488.748457,558.047235,643.094302,238.537448,242.535531,281.823275,299.859856,354.139456,390.849015,465.064239,522.309539,600.448985,643.789414,344.582341,344.410886,341.752295,383.882609,375.645233,441.341882,524.125480,563.478576,619.615776,711.288095,400.080103,387.777494,422.187308,408.250706,473.994965,499.422213,545.547595,597.779938,675.130275,724.604673,460.858177,471.644861,501.186870,513.707357,516.699322,558.390741,612.467741,668.820740,739.076471,790.522899,534.237410,555.025823,565.839581,556.992479,629.325942,664.648228,676.324370,730.094104,782.930567,849.016690,632.728419,642.619686,648.586340,671.498584,657.017511,697.380521,757.810913,794.967300,848.168388,894.849372
12,184.710172,95.658638,62.182096,80.680245,185.193888,253.093540,312.392899,396.952922,442.548734,523.211284,158.814001,41.917345,0.000000,104.093672,176.784852,266.226584,324.821417,390.115873,487.871593,526.875899,136.623111,87.776946,62.342850,112.512197,204.874326,287.567909,341.250061,401.090246,464.878997,533.953912,223.100771,163.346326,142.425417,190.420560,211.655257,326.880921,358.431646,446.837188,516.482112,601.619110,239.757296,225.013684,254.084609,265.327821,316.029008,350.412156,423.760131,480.409547,558.533199,601.872097,337.319594,326.892953,316.198526,352.940173,340.827222,403.695796,484.021244,522.849463,578.115509,669.470446,393.634140,371.652445,400.087286,378.292051,440.622231,463.698522,507.398213,557.675999,634.199680,683.311656,452.320692,452.984509,477.888360,485.279156,484.193166,523.614226,575.332829,629.851333,698.952542,749.758350,520.518303,537.810662,544.544259,530.933637,598.374807,630.726365,640.720726,692.047875,743.281721,809.223138,620.947302,625.448279,627.177067,644.251118,626.368282,664.603049,723.634939,757.795957,810.500779,855.741888
13,283.940257,178.291904,113.351401,63.286509,113.450433,157.192469,215.117682,297.322055,342.868959,422.191388,262.415561,144.612505,104.093672,0.000000,72.723268,162.203384,221.468918,287.209495,384.197504,423.519882,230.674810,172.655311,106.541962,62.074841,117.685105,187.247584,237.668285,297.292979,360.969701,429.974158,289.132132,198.535911,158.765596,158.391376,141.195180,238.734120,264.938724,348.310477,414.297114,499.052859,298.016403,243.951632,238.610705,221.847810,251.284375,270.068050,335.257668,383.692237,460.704833,503.650564,371.619164,336.336909,302.509150,318.062172,290.860008,338.082110,403.418772,438.465529,486.636328,573.990329,427.106464,382.234432,392.363422,345.771439,392.725371,405.407141,437.069850,476.270404,546.974849,593.177770,478.719041,453.109821,463.568575,454.182255,438.441072,468.005321,508.780577,553.984147,616.423884,663.122021,531.923394,539.402172,534.365518,506.456957,555.932063,576.761307,579.922252,620.123203,663.125487,727.983664,635.103459,625.241782,614.896248,613.636656,584.530524,614.522942,667.600779,689.288767,739.474284,777.802768
14,354.332543,244.970696,177.835504,121.795091,100.973192,98.283619,150.956532,228.920607,274.090531,351.835169,335.100091,216.950247,176.784852,72.723268,0.000000,89.484802,149.352281,215.405654,311.649475,351.185752,301.006619,241.833948,172.494179,104.422747,86.826688,122.511758,166.239683,225.336656,288.759849,357.611761,348.072255,249.154165,205.623532,176.162300,127.009419,189.403526,207.653375,283.190764,344.373481,428.511873,353.227280,282.544187,256.527431,220.225095,227.121572,228.215855,281.903216,320.346771,395.560940,437.878756,412.059504,363.571717,316.471057,315.335837,277.409967,307.863613,356.698660,387.362747,427.894354,510.708971,465.426124,408.186716,405.874870,343.349132,375.882757,379.279768,399.325399,427.471691,491.851029,534.961157,511.568465,469.866517,470.049146,448.606730,421.820663,442.417104,472.945746,509.238789,565.063562,607.724658,554.170898,554.997608,541.979132,504.429767,539.135075,550.374513,547.843769,578.084565,613.520871,677.001692,657.353221,638.050507,619.484830,604.889903,567.689606,590.692457,638.288890,649.479389,697.139376,729.377038
15,441.731449,330.183061,262.799502,206.236224,145.418442,73.900509,90.406673,149.632703,192.769695,266.522669,424.578362,306.122668,266.226584,162.203384,89.484802,0.000000,62.082057,128.076446,222.404355,262.281289,388.985948,329.315493,258.970843,185.094433,120.521476,70.991091,82.195373,138.292232,200.693000,269.050613,427.063951,323.893619,279.600354,230.857979,162.206729,157.565684,157.223556,210.945114,261.003819,343.426165,429.066176,346.336738,303.124684,250.453827,229.098866,203.691870,232.465910,250.472713,320.737522,361.399818,473.483497,413.562765,355.142453,335.687972,287.792290,293.389194,314.401923,336.811232,363.658489,437.738900,523.688300,455.384035,439.984907,362.334060,375.357259,366.252063,368.928580,379.341701,432.321660,469.910898,563.422747,505.511586,494.138194,459.125836,419.520086,427.489172,442.802283,465.241451,510.190240,546.214255,593.935500,587.362299,565.507654,517.514195,532.920574,531.288853,521.074390,536.709809,560.609096,621.358366,695.477237,665.754548,637.907914,607.408049,560.751090,574.151576,613.566640,610.160867,653.670631,676.936758
16,495.965137,382.604786,315.734366,259.734709,182.058064,93.820376,64.987807,90.998795,132.013881,204.441897,483.597572,363.724491,324.821417,221.468918,149.352281,62.082057,0.000000,66.223699,163.222143,202.083282,450.135987,390.671007,320.583214,247.166823,178.403175,102.884290,62.456933,96.385777,151.821849,217.148285,488.930140,385.365639,341.093317,289.042194,217.671607,182.575384,167.283063,190.696780,221.114129,298.683455,490.511363,405.503845,357.709595,300.487979,267.623661,228.614333,235.529399,230.780566,291.977268,329.474938,531.322928,467.980641,406.020192,379.080220,327.820547,319.222766,319.101011,333.468503,346.063049,408.816590,580.294654,508.414827,487.798074,404.457439,406.826202,390.371464,380.989448,376.785208,417.903426,449.241387,617.546695,553.316012,536.634268,495.072716,448.911393,448.800723,453.122772,464.175592,498.814414,528.045078,642.903086,632.983013,606.978708,554.025922,557.947167,547.890121,532.407707,536.580697,550.306490,607.889327,743.143693,708.557937,676.092948,636.870951,584.946232,591.888665,625.116462,610.716811,650.398015,665.813442
17,558.487253,444.335842,378.107604,322.774601,237.428031,148.238548,97.647063,49.085761,74.262172,139.004830,548.928773,428.478403,390.115873,287.209495,215.405654,128.076446,66.223699,0.000000,100.147357,137.150437,516.309969,456.882400,386.804645,313.106115,240.382985,154.351047,91.461611,77.602497,107.610420,163.717547,554.017711,449.854217,405.665720,350.181584,277.186491,219.979708,193.452309,182.357795,184.648579,252.487080,554.864715,467.140061,414.908379,354.109159,311.932273,262.764631,248.591344,219.345829,266.054234,298.323577,591.136588,524.341258,459.236061,425.431127,371.928552,350.358189,329.357380,334.705324,331.121937,379.159575,638.604939,563.143835,537.334304,449.247727,441.283093,417.962038,396.742140,377.406132,404.484734,428.168931,673.023188,602.413808,580.436466,532.686387,480.614168,472.417525,465.417552,464.271215,487.135070,508.449415,692.771854,679.384379,649.230562,591.615089,583.787212,565.171433,544.423319,536.441458,539.014530,592.442596,791.249878,751.639451,714.512513,666.521749,609.638745,609.822144,636.224184,610.346782,645.509521,652.322926
18,658.346338,544.356246,477.960298,422.371857,337.217921,248.256613,195.191676,118.656434,93.619717,78.414100,646.561822,526.939994,487.871593,384.197504,311.649475,222.404355,163.222143,100.147357,0.000000,41.347249,610.996096,551.127042,480.449688,404.568121,323.189920,228.794202,160.873227,107.785945,66.948272,77.295109,640.505611,535.012893,491.439215,428.671982,354.507853,269.810670,232.541171,175.832044,128.978890,170.806154,638.929817,544.958197,484.590409,419.072487,364.173517,303.938936,261.719337,200.125306,216.708388,237.664559,663.697970,590.632982,520.848811,476.314151,421.091383,380.941874,330.365274,321.724176,293.570369,316.332276,707.549508,625.808205,591.007676,496.911022,472.829862,439.865793,401.740357,360.633747,364.959104,376.149086,735.913800,654.272503,623.518854,566.570787,506.554939,486.118791,462.102385,442.549898,446.976873,456.049424,744.872914,725.447492,688.561079,624.188632,597.761987,566.321900,538.079067,511.969951,497.922367,544.083078,839.164611,791.057142,746.463188,684.882242,621.240698,610.909530,626.283413,583.684276,611.450502,605.663408
19,695.326677,580.943033,515.002309,459.857105,371.682326,283.613776,228.195255,146.133696,110.950938,58.676481,685.669259,565.516963,526.875899,423.519882,351.185752,262.281289,202.083282,137.150437,41.347249,0.000000,651.199542,591.419630,520.844023,445.297984,364.501842,270.131625,202.220415,148.449460,100.186029,79.127872,681.783138,576.321768,532.717295,469.978754,395.816327,309.188831,270.915851,206.698383,145.063320,165.388531,680.271451,586.202344,525.344755,459.490673,403.232955,341.750199,294.585708,225.958786,229.466407,243.486995,704.551597,630.922487,560.676846,514.692361,459.410227,416.044366,358.684741,345.822058,308.969876,318.501519,748.027301,665.609297,629.528768,534.670548,507.483375,472.486628,430.204813,382.692832,377.897087,382.963974,775.622525,692.355888,660.012995,601.289838,539.709338,516.247119,487.375913,461.614869,458.389946,461.524708,782.845217,762.306201,724.096166,658.390639,627.276958,592.182852,561.698745,529.240033,508.339139,550.666627,876.206431,826.384931,780.153189,715.241475,649.958440,636.480388,648.078279,599.494910,624.007550,612.587114
20,155.492850,162.894965,183.982846,217.186505,321.815680,386.357609,445.133552,527.993083,573.543768,652.583677,70.749856,115.015283,136.623111,230.674810,301.006619,388.985948,450.135987,516.309969,610.996096,651.199542,0.000000,60.092509,130.970261,208.710686,301.124817,394.970738,456.422121,516.500531,580.379310,649.539771,118.438404,136.574783,156.060603,234.727064,289.464037,411.825940,449.847067,544.702782,622.917576,708.422557,143.973468,193.649991,259.767767,302.422011,370.976347,422.490656,503.702217,573.421539,652.244397,695.748825,260.254137,285.124569,306.820791,365.452181,374.119616,451.341154,548.603913,591.955236,658.135832,755.881449,311.821872,322.269856,371.700163,384.728062,461.448413,497.002333,555.349873,620.664217,704.973021,758.473484,375.074424,409.462616,451.332633,480.344192,498.998994,549.642558,614.689831,681.585476,759.941564,817.086023,457.999259,486.801845,508.335617,514.273441,602.453771,649.607525,669.128664,735.759740,799.244158,865.807456,550.499889,572.647031,589.746483,630.307088,628.420484,676.721471,742.440640,794.494626,850.031411,905.843294
21,181.141479,146.171840,145.052022,167.112224,269.800714,329.425257,387.728750,469.703661,515.170245,593.646945,114.578037,82.960031,87.776946,172.655311,241.833948,329.315493,390.671007,456.882400,551.127042,591.419630,60.092509,0.000000,70.883964,148.680159,241.690095,335.060012,396.329832,456.411708,520.297784,589.467108,136.871178,104.214673,108.526909,183.088835,232.203659,354.520206,391.724983,485.972555,563.357343,648.898705,155.944844,168.176409,221.262698,254.705123,319.595183,367.667475,447.768611,515.440071,594.316850,637.868210,262.163369,268.082319,275.589471,326.987422,328.860943,402.769278,496.265083,538.730869,602.720362,699.405856,317.388083,309.823636,349.942500,348.792616,421.331271,453.106215,507.458712,569.045909,651.733847,704.351923,378.566562,395.323628,429.753884,449.954112,461.341455,508.512796,569.679130,633.219859,709.301352,764.958214,453.990634,477.087102,491.662355,488.993394,569.505860,611.522854,627.887852,689.936310,750.067433,816.618980,551.343871,564.392836,574.192880,604.679029,596.398232,641.188320,704.797247,751.038967,805.842988,858.588410
22,227.735307,155.404421,121.962821,119.265219,213.014627,263.491831,320.766648,401.227863,446.514933,524.157633,178.394764,91.979737,62.342850,106.541962,172.494179,258.970843,320.583214,386.804645,480.449688,520.844023,130.970261,70.883964,0.000000,78.159802,172.508772,264.661654,325.467612,385.568920,449.478606,518.670327,184.104198,105.956155,80.294883,132.864204,167.902530,288.953062,324.561617,417.571484,493.503454,579.074286,195.538826,164.754936,192.104077,208.019272,264.711770,306.302439,384.052857,448.219062,527.060861,570.631413,282.679763,266.013558,253.902973,292.449614,283.811285,351.105329,437.923217,478.818116,539.284111,634.201136,339.135638,311.205146,337.867434,317.276335,382.028023,407.798250,455.694481,511.384596,591.376689,642.576748,395.902539,391.439638,415.554479,423.685057,424.857344,466.484858,521.567602,579.942916,652.487058,705.885508,460.800622,476.620666,482.369283,468.769652,537.993590,572.668608,584.592390,639.940986,695.170456,761.504579,562.035746,564.191521,564.965375,582.356263,565.820003,605.514719,665.833280,703.997553,757.578968,805.998922
23,295.917695,204.824997,149.636788,114.408552,173.636337,201.727556,255.353751,331.522499,376.138980,451.580101,255.308832,153.320506,112.512197,62.074841,104.422747,185.094433,247.166823,313.106115,404.568121,445.297984,208.710686,148.680159,78.159802,0.000000,95.383517,186.505446,247.957926,307.926329,371.735309,440.858575,243.923940,145.140286,102.333775,97.741949,99.445142,215.345062,248.844609,340.446966,415.427839,500.999807,248.824402,184.266955,176.898240,165.920882,206.523752,237.912012,311.871918,372.078641,450.763600,494.298794,313.165273,274.563022,240.996660,260.587035,238.509523,294.521887,371.613243,410.346900,466.668425,559.613553,368.004334,320.402229,330.656541,287.877374,340.304335,357.929860,397.068526,445.255786,521.828438,571.366641,418.142933,391.096568,402.716694,396.524369,385.411379,419.436641,466.462401,518.315376,586.510284,637.299302,469.936408,477.400653,473.176151,447.452664,502.131678,527.760574,534.397259,581.604182,631.091314,696.929873,573.154216,563.367783,554.091825,556.367288,530.601121,563.879817,619.802552,648.555110,700.474840,743.971768
24,389.520731,291.876214,229.720918,180.771066,187.576401,169.361059,207.808804,268.874148,310.322334,378.749523,350.520014,246.570430,204.874326,117.685105,86.826688,120.521476,178.403175,240.382985,323.189920,364.501842,301.124817,241.690095,172.508772,95.383517,0.000000,96.168023,162.598747,220.691015,283.320066,351.675328,317.399395,211.823243,168.375093,110.697462,43.606110,122.695477,153.812621,245.164003,321.803022,407.297922,315.976411,227.148213,183.397719,136.940123,141.141224,152.410865,219.765921,276.756148,355.398079,398.925983,353.244142,293.627671,238.394802,230.011273,190.615679,224.544198,285.782907,321.512110,373.418112,464.852575,403.170881,336.183651,325.930734,257.886611,289.255656,294.652905,320.661074,358.774123,431.204816,479.058762,443.444175,390.940135,386.458224,362.168037,335.234401,357.793051,393.193515,436.361812,499.230540,547.210332,477.708223,474.782519,458.430112,418.423223,452.698552,466.240575,466.130976,502.896990,545.597907,610.628089,580.192411,556.131544,534.725506,518.083420,481.284699,505.795252,555.424581,572.631884,622.266771,660.144145
25,470.722659,364.981674,298.609331,243.461889,206.116452,144.551394,154.856087,191.556851,227.906619,289.039642,440.426142,329.337801,287.567909,187.247584,122.511758,70.991091,102.884290,154.351047,228.794202,270.131625,394.970738,335.060012,264.661654,186.505446,96.168023,0.000000,68.098434,124.636237,187.172031,255.687160,412.953123,307.152303,264.147460,200.003554,125.870767,86.717450,89.387948,161.345763,229.572191,315.058595,410.430622,316.648077,260.804839,199.962262,165.068368,133.085140,165.325537,197.910306,273.837452,316.573559,438.102427,370.007789,305.330028,276.199845,225.133733,223.335995,245.523483,270.900674,305.997325,388.360068,484.653171,408.906778,385.487513,301.610169,307.489388,295.991970,298.215111,312.651689,371.501777,413.064359,518.707931,450.927419,433.806763,393.787089,350.889507,356.841823,372.190904,397.431817,446.899995,486.896969,540.788327,530.163461,504.292748,452.596524,463.096736,460.317125,450.271942,468.316312,496.459266,558.665020,640.601705,605.742715,574.195095,539.049692,490.756218,503.243336,542.698848,541.373341,586.070852,612.752680
26,520.572222,410.495290,343.123723,286.609207,225.983019,144.605071,127.225666,135.065632,165.667652,221.749859,497.725395,382.236446,341.250061,237.668285,166.239683,82.195373,62.456933,91.461611,160.873227,202.220415,456.422121,396.329832,325.467612,247.957926,162.598747,68.098434,0.000000,60.200529,124.216427,193.487627,479.993585,374.350294,330.972284,268.098344,193.969138,129.129886,107.215092,132.616819,179.149678,262.479028,478.081059,384.729200,327.522220,264.668604,220.471790,173.206543,173.190163,172.793165,239.744225,279.754979,505.574299,435.862229,369.201201,333.979906,280.495479,262.543693,256.719567,271.323775,287.725124,356.980631,551.371801,473.593082,446.125988,357.810500,352.264211,332.250605,319.337103,314.618500,358.538578,392.584604,583.696760,511.107477,489.126057,442.685586,392.884513,389.300735,391.070937,401.946367,438.617126,470.368095,601.536559,587.925666,558.174059,501.686876,499.436755,486.788775,470.394450,474.313935,489.873146,548.497410,699.816015,660.485416,624.422027,580.090274,526.039322,530.981356,563.056169,548.427149,588.562882,605.733030
27,579.424977,468.418096,401.021073,344.448263,276.415249,189.723668,155.852710,126.465913,140.965077,177.888128,557.851030,441.905482,401.090246,297.292979,225.336656,138.292232,96.385777,77.602497,107.785945,148.449460,516.500531,456.411708,385.568920,307.926329,220.691015,124.636237,60.200529,0.000000,64.017419,133.288685,537.532425,431.698606,388.781122,322.900733,248.900809,163.275473,128.669311,104.967913,125.161125,205.458009,534.579265,438.500154,376.901762,311.291747,257.844924,200.473625,173.743899,142.834299,196.871790,233.352128,556.104289,482.874304,413.379678,370.847865,315.876645,283.184439,252.845031,257.106830,256.408618,313.121052,599.764049,518.332630,485.125135,392.494991,375.193089,347.588176,321.316679,299.810303,329.475351,356.599504,628.493357,549.003313,521.170379,468.160739,412.193524,399.561200,388.835012,386.729464,411.744812,436.292201,639.684875,622.196025,587.949382,526.636268,511.423459,489.580501,467.627704,458.949107,463.592614,518.564001,735.434107,690.615352,649.543936,595.819888,536.645584,534.319399,559.166736,532.905633,568.670889,577.778376
28,642.394565,530.710030,463.370303,406.840280,333.874438,245.204096,202.517395,147.355469,141.217529,145.355953,621.828679,505.561601,464.878997,360.969701,288.759849,200.693000,151.821849,107.610420,66.948272,100.186029,580.379310,520.297784,449.478606,371.735309,283.320066,187.172031,124.216427,64.017419,0.000000,69.271348,599.132699,493.269315,450.799105,382.756516,309.287109,212.316513,172.493365,108.883775,77.868306,147.302421,595.267751,497.061775,432.134398,364.937034,305.301172,242.420814,195.260314,134.641542,163.136012,192.045267,611.460438,535.429266,463.963572,415.644021,360.364783,315.911745,263.558486,256.405724,235.126920,272.863837,653.047086,568.674291,530.535933,435.074006,407.471913,373.419403,334.874366,296.289533,307.998097,325.681292,678.369548,592.920002,559.870111,501.276763,440.344766,419.185726,395.977003,379.826095,390.775861,406.174348,683.294205,662.229971,623.934299,558.557862,530.814086,499.922398,472.520061,450.297243,442.360030,492.250352,776.171314,726.256374,680.557280,617.983128,554.313615,544.570772,561.488410,522.907207,553.325525,553.114517
29,710.719055,598.494905,531.255245,474.813208,398.257003,308.926158,261.352053,192.606918,170.910112,137.624857,691.060514,574.518867,533.953912,429.974158,357.611761,269.050613,217.148285,163.717547,77.295109,79.127872,649.539771,589.467108,518.670327,440.858575,351.675328,255.687160,193.487627,133.288685,69.271348,0.000000,666.337583,560.545572,518.485405,448.863006,376.022705,272.541830,230.870882,148.412384,70.190480,93.567052,661.685725,561.823687,494.356524,426.288942,362.515812,296.908603,236.650746,157.932817,150.834032,164.772562,673.159065,594.908219,522.110482,469.257295,414.396007,361.009664,291.136391,273.250437,230.801390,241.311709,712.770781,626.050555,583.710973,486.565696,450.229853,411.010008,362.075513,307.962109,298.953290,304.247927,734.897860,644.344629,606.703602,543.486403,478.773142,449.950502,414.988675,384.566900,379.270497,383.235095,733.963196,709.631077,667.734659,599.039652,559.479604,519.979421,487.472269,451.250154,429.222926,472.127034,823.702892,769.093882,719.170625,648.398634,580.960159,563.845526,572.267146,520.962951,544.921211,533.992371
30,269.844763,276.187796,281.899870,299.069213,397.001106,443.823760,498.975138,575.117939,619.391936,693.012794,180.312910,218.190948,223.100771,289.132132,348.072255,427.063951,488.930140,554.017711,640.505611,681.783138,118.438404,136.871178,184.104198,243.923940,317.399395,412.953123,479.993585,537.532425,599.132699,666.337583,0.000000,105.867576,149.066496,219.022569,290.394363,404.572289,446.293268,542.889285,628.278262,711.835653,27.499920,123.741723,203.945595,265.156751,339.779448,401.923834,485.148977,565.003378,641.743695,684.144310,144.587652,187.153768,230.278377,299.304116,323.965988,406.614558,513.136464,558.759104,633.077626,734.657567,193.991807,216.639536,275.603697,312.082291,394.265576,437.538509,504.992600,580.749117,669.540487,725.847797,257.477506,303.068644,352.532567,393.721923,425.271682,482.002801,554.939170,629.862780,714.168514,775.777342,343.032835,375.317657,402.817906,419.059389,517.488843,573.394840,599.281847,676.020437,748.230675,814.058249,433.101355,459.468215,482.218607,533.767807,541.472016,595.190109,664.043332,728.022698,784.724990,848.014468
31,283.174389,244.808675,225.354854,224.392890,311.260299,346.849778,399.675219,472.961952,516.644367,588.826777,206.310473,178.421091,163.346326,198.535911,249.154165,323.893619,385.365639,449.854217,535.012893,576.321768,136.574783,104.214673,105.956155,145.140286,211.823243,307.152303,374.350294,431.698606,493.269315,560.545572,105.867576,0.000000,44.293846,114.928861,184.753844,301.036241,342.257477,438.951995,523.416431,607.427429,105.172591,64.441516,123.250457,171.355921,243.937464,302.257437,385.409027,462.624965,540.208920,583.061123,176.928383,165.998978,172.486375,228.885133,239.621980,319.183582,420.978280,465.672829,536.583002,636.972178,233.342985,209.556785,245.904110,248.570743,324.888922,361.245018,421.942620,491.375959,578.052105,633.115267,290.020836,293.289632,325.636093,346.938567,362.597099,413.131410,479.205755,548.207389,628.766471,687.827948,357.413900,376.669638,388.357518,384.878387,467.738636,513.209896,532.593714,600.514599,666.363302,732.823165,457.601474,464.296198,471.030894,500.660080,494.210267,540.984472,606.157919,658.287855,714.008956,771.260638
32,288.794800,232.730514,202.048692,191.934503,272.182223,303.619435,355.816921,428.687839,472.350604,544.654686,221.193567,166.858568,142.425417,158.765596,205.623532,279.600354,341.093317,405.665720,491.439215,532.717295,156.060603,108.526909,80.294883,102.333775,168.375093,264.147460,330.972284,388.781122,450.799105,518.485405,149.066496,44.293846,0.000000,79.561605,143.895538,263.252697,303.616069,400.143231,483.238206,567.771280,149.466208,87.349944,115.511763,146.956864,215.020358,268.762757,351.184199,425.499609,503.711239,546.884729,212.942058,186.702003,174.983186,219.867917,220.443455,295.706157,392.749002,436.425457,504.378550,603.521427,268.675953,232.299369,257.663827,242.918319,313.257864,344.599656,400.084313,464.634736,549.367018,603.344314,322.064942,311.341261,335.678602,347.123066,354.017225,400.133669,461.350686,526.159758,603.910628,661.097542,382.440092,396.758574,402.123760,390.226516,464.230652,503.776968,519.444816,581.838216,643.542235,710.115148,484.440692,484.249971,484.751662,504.641012,491.595526,534.379387,597.098376,642.546265,697.433942,751.041059
33,358.419040,286.012512,240.288322,211.548303,264.417405,271.655591,316.054996,379.571177,420.859862,487.767704,297.518769,224.658764,190.420560,158.391376,176.162300,230.857979,289.042194,350.181584,428.671982,469.978754,234.727064,183.088835,132.864204,97.741949,110.697462,200.003554,268.098344,322.900733,382.756516,448.863006,219.022569,114.928861,79.561605,0.000000,74.164461,186.116029,227.472983,324.153590,409.262481,492.884500,212.854169,117.012166,81.529742,75.205056,136.625075,189.263063,271.888422,347.770656,425.540373,468.521619,242.632434,187.513382,144.496762,164.730386,150.986476,220.216856,313.948971,357.242628,424.824138,524.125903,293.273496,232.027252,234.584398,191.417642,250.202544,274.955737,325.028209,386.317617,470.250691,523.957592,336.249814,296.659142,305.212827,299.930186,293.957651,333.759759,389.327637,450.419497,526.288092,582.558841,378.829886,382.679319,375.983044,349.954390,409.023554,440.417978,451.729287,508.508261,567.023457,633.564550,482.159458,467.738076,456.567908,459.830403,437.243560,474.219094,533.439680,571.595242,625.547636,676.094638
34,393.445841,304.156023,246.746628,203.717269,226.094093,212.934247,250.708316,308.628506,348.807461,414.132035,345.163609,251.789868,211.655257,141.195180,127.009419,162.206729,217.671607,277.186491,354.507853,395.816327,289.464037,232.203659,167.902530,99.445142,43.606110,125.870767,193.969138,248.900809,309.287109,376.022705,290.394363,184.753844,143.895538,74.164461,0.000000,122.392673,160.901408,256.909363,339.342816,423.943834,285.986157,190.833386,140.918902,93.805044,110.156192,139.144966,216.233435,284.115991,362.867504,406.338364,314.059752,251.365621,194.830611,188.327183,152.637191,197.481529,272.395309,311.872105,371.458216,467.257118,362.625225,293.336920,282.359610,216.345969,253.493073,264.215890,298.519269,346.054479,423.992580,474.733663,401.222205,347.338307,343.685392,322.115178,299.469100,326.875048,368.986053,418.960966,487.345900,539.011314,434.156903,431.265313,415.662667,377.531860,417.191421,435.639031,439.011452,482.790854,531.682716,597.576380,536.598044,512.891287,492.612564,479.484287,445.826838,473.755855,526.409469,550.510790,601.859822,644.541851
35,511.150551,414.535940,351.746143,300.830804,284.224030,230.613986,240.003115,264.106465,293.691330,341.020187,466.996125,368.305618,326.880921,238.734120,189.403526,157.565684,182.575384,219.979708,269.810670,309.188831,411.825940,354.520206,288.953062,215.345062,122.695477,86.717450,129.129886,163.275473,212.316513,272.541830,404.572289,301.036241,263.252697,186.116029,122.392673,0.000000,42.421181,138.384168,225.423539,307.617358,396.339747,292.449882,222.032811,153.762469,94.569493,46.600687,97.074134,162.307020,240.803053,284.181655,400.618174,323.197468,251.738028,207.800726,153.146722,137.341472,167.313984,199.883760,251.340428,345.272606,440.921940,356.572926,321.866203,230.260121,224.331002,209.612840,213.551351,238.719787,308.589377,356.501508,466.482911,385.916598,360.683081,313.742613,266.407526,270.152658,287.684055,319.838469,377.960885,424.659264,476.596407,460.473607,429.251118,372.758014,377.016452,373.794897,364.992942,388.983048,425.374344,489.712017,573.166071,531.680862,495.388260,454.488229,404.501906,416.586250,457.111957,460.911809,507.874579,540.788253
